4,4,4,3,3
,,,
,,,
0.2229188375041066,-0.03822010415399313,-0.09718271539576329,0.05753339476848995
-0.1391046975963068,0.1056280718179716,0.2026548955971869,0.6123484149228058
-0.279754308927804,0.2275554793245509,-0.5351368584103382,-0.006931353869882639
0.4445666878696388,0.3067183214668565,-0.1288158082226415,-0.2921242813499995
0.3470201817890842,-0.100789832046896,-0.05369105561394159,-0.132763399794713
,,,
,,,
0.2596429887633832,-0.6466016247783942,0.1432450796761484,0.3578787988432914
-0.4009293032556957,0.5164785474230968,0.01923697751960263,-0.2302881335338802
-0.2040072299380705,-0.1647322839809953,-0.6214756612806476,0.6711935985843023
-0.05568366794340829,-0.6094143604335959,0.6910704776084062,-0.5782883407924377
-0.3553271495892965,0.09264154840887184,-0.4048674199200206,-0.7488396973336383
,,
,,
0.2818045455230151,0.4349934387236687,-0.1475013454281001
-0.2361273186270083,0.4612621404439805,0.363803690169167
0.3644990068572405,0.3375796013348522,-0.268674955789181
0.634332235955765,-0.01175379053736381,-0.5225585738823122
-1.305584877837648,-0.3023218136432087,0.741055243160783
,,
,,
0.6646172933226526,0.5739308110201848,0.3977692643891548
-0.6501033378179844,0.5691199935359841,0.0004468107350947825
0.5232216618831,-0.2383024229281981,-0.3939587944514755
-0.8092646034237285,-3.964435099449295,-3.491323940717797
4,4,4,3,3
,,,
,,,
-0.3318901298061163,-0.2162067754641003,0.6931746570153221,-0.6932822703748425
0.6841614965865779,-0.1752265279065469,0.6788065328043957,-0.1989277820040528
0.3501156429085062,0.08148383193286468,-0.381354827389723,0.02810270698515505
-0.1176333399935093,0.5620255660039866,0.009158487242592273,-0.224240704504643
-0.07255504520429629,-0.05522632338694095,-0.66664007437441,-0.2726202119634203
,,,
,,,
0.426952569102111,-0.3495885536590517,0.2852834144856514,0.07877364977379331
0.2630467201780174,0.5444125102498683,-0.4197730907687606,-0.05321647565837895
-0.0118233265195673,-0.08321646480001577,0.4539934853374714,-0.6663589476044903
0.1660928867989524,-0.3634390306321036,0.2382979217837827,0.4317053135409248
0.2500390458978436,-0.6320236174256996,-0.7360473495079508,0.2934143978561225
,,
,,
-0.211875519598658,0.1289945928884414,0.3036228257323696
-0.4502572377883529,0.1430445210268861,0.2431169081812024
0.3706036327279518,0.6609950133889817,0.07545595292491947
-0.2334470135205378,0.6290110198275964,0.4897019686336463
-1.228289305976332,0.4435474354299561,-0.867589007393477
,,
,,
-0.4777399207188939,0.3409832397285064,0.5584453406779304
-0.5655119482448745,0.1616257222730118,0.07110317744918326
0.4999526734168982,0.460679163702526,0.1579994831542151
-0.334577603356628,-4.001845761080993,-3.846780417208982
4,4,4,3,3
,,,
,,,
-0.3419840751351543,-0.2576275222514349,-0.6897438610009635,0.006010982915550689
-0.4560998604079797,-0.6921300158312735,-0.5334616823879845,-0.185669189844702
-0.1674576410135675,0.3646551812889141,0.2812849306540128,-0.1402894286074651
0.5263135281524247,0.6042823517818012,0.6243589026638119,0.2673616941346428
0.417954054601569,-0.08533339464232553,0.4405811540635345,-0.1373517311640539
,,,
,,,
-0.4828443142967816,-0.2829614484578958,0.5002950202718599,0.1087705360513772
0.2703410183535896,-0.5101022029071117,0.1625368072895215,-0.01782454290740276
-0.1828129765729727,-0.4954430331222389,0.5764675036103799,-0.3682952633328996
-0.2114461152552204,0.04460261767582641,0.2874763062027672,-0.6993580077616218
-0.4664535902072739,-0.5475071241560389,0.4988665697292251,0.3025334306084611
,,
,,
-0.301762330327947,0.5270344257445638,0.4021904337368771
-0.4264320482575039,-0.1461937977607582,0.3102342273075609
-0.6821818537963824,-0.1379830250371303,0.4976880741785465
0.1084393876335955,0.5043813068219043,0.4077181426696423
0.1032984653363301,-0.4650981139682906,0.7792350885255417
,,
,,
-0.444018963569576,-0.5665621765542241,-0.05019718339414037
-0.3628673736617223,0.3423163830276477,-0.5702548966457113
-0.2039998399104762,-0.01525942857082596,-0.5793103061063781
-0.1824466638642709,-3.554070473135449,-2.869072246041482
4,4,4,3,3
,,,
,,,
-0.6991607651378616,0.3373691168793225,0.2925482425960043,0.272810618984149
0.1603784821944586,-0.637479607941438,0.08305933443547031,0.5503742995606018
-0.2141183142100624,0.6051295083326029,-0.02480870379943712,0.3616314032447538
-0.5752065216305576,0.631934194188015,-0.4862032128463194,0.5389431776720386
-0.03891076394944723,0.4184352567307427,-0.3297945588140865,-0.1023572681804906
,,,
,,,
0.5188504015346234,-0.1654422723157281,0.4365314666400988,0.453178490340062
0.0938407345083514,0.2399561379216147,0.6234115985582727,0.04027012680820941
-0.1286041382501834,0.1202158810396371,0.1003444894323355,0.5928508785399336
-0.1001653425300506,0.3701931504226659,-0.06221734441680815,0.6255738238987147
-0.3320605042921232,0.01057730384042728,0.2498888275633252,-0.1575617654467746
,,
,,
-0.2413606492502104,-0.4768368858947521,-0.6155416305107863
-0.6972127565684212,-0.2830002186912913,-0.5933964594064242
-0.3621220932733824,-0.2718924418344957,0.5413346066603282
-0.6073924355536393,-0.2168355224624245,0.0533793524149182
-0.1779307925021621,0.4068863792960183,0.4658332422570899
,,
,,
-0.5524614447285744,-0.4247890369375156,0.1644532685928053
-0.2487245870351574,-0.5373725669033163,0.5583967073037663
-0.6349981863538814,-0.6442096164688934,0.3812138300824093
-0.3216485060590414,-2.951098464513588,-4.085612957428387
4,4,4,3,3
,,,
,,,
0.3091444545559239,0.6663799667758874,0.04905300208902963,-0.08798946329188906
-0.4362615616304018,0.4696140138003979,-0.5812977872550991,-0.6851380287268989
-0.2579386890603859,-0.05847734663257775,-0.4440150512246913,0.05028510630791938
-0.5841791848195637,-0.04452060852873196,0.2424516655191606,-0.4808782535175862
0.5515195755730936,0.1869719368763403,-0.3795336516999243,0.3207537618956143
,,,
,,,
-0.6304452240024643,0.6511052055297097,0.06872635628580936,-0.3296550811948855
0.3076149033996056,-0.02969321572917316,-0.0794860326383996,-0.4591270968222255
0.2324184127706647,0.4878471914965574,-0.0234144236253786,-0.3409593250134754
0.5895705558256836,0.003380285543044592,-0.1402649718066959,0.09668919135877629
-0.3999379153958127,0.5961385859933205,-0.2641730532891024,0.2851092898009889
,,
,,
0.2629213620450318,-0.07790814593241668,0.2505761466831775
-0.4504086699683115,-0.6042403844859928,-0.2768659933352982
0.1761797232923134,-0.1222657003429894,0.3295705832954607
-0.4127494756082561,-0.6458749212746439,0.4526548716344023
0.4433767956207096,-0.4320615618140546,-0.05982710970184509
,,
,,
-0.1384537739085416,0.01468780696334582,-0.5968238641579995
0.4763157098104731,0.3217813025769081,-0.103411113732123
-0.1036065675542381,-0.008379541281355651,-0.08553604171729867
-0.6274498745113207,-3.686419050012031,-3.23404658163932
4,4,4,3,3
,,,
,,,
-0.5215374911665034,-0.002436560620613148,-0.6435507941870906,-0.09905840998834903
-0.636070164373299,-0.06356914646275791,0.3296746538263995,-0.2701226053664104
0.1522300650421687,-0.6127856674663247,-0.1288572406201552,0.1155654130131523
-0.625482868365648,0.5787835292863095,-0.6466141166017317,0.6834425859967139
-0.06000315683760409,-0.7272720236532234,-0.6486505023185809,-0.2372989554519506
,,,
,,,
0.4198306049567038,-0.5091895363346461,0.3895508466476927,-0.1597556982046798
0.6171181862018287,-0.09472428616091599,-0.5342072836741703,0.01641699368571115
-0.409011505672826,-0.6715458601899325,-0.2474310223217155,0.5925660532919133
-0.2824690197881298,0.5285502273732452,0.3070238397967322,-0.1474540325706023
-0.7788477708493244,-0.1053695706754581,-0.7365434733161342,0.2524496272940773
,,
,,
0.662732110010205,-0.2670482175000226,-0.1167621100567221
-0.03926276647780869,0.2612399978239089,0.1158065552894062
0.4314819306259765,0.6119713572993539,-0.6541132269962684
0.1882080813200498,0.02551583902450782,0.1575642763740072
-1.373200614018244,-0.7780619919437111,-0.4596590393123099
,,
,,
0.4154750692703981,0.348995596853175,0.4402580536337526
-0.1567270173881943,0.2362818298911297,0.512319680799989
0.6833518957911449,0.2823721951459258,-0.5147447195765359
-1.124399663427556,-3.908691947465958,-3.765874747884835
4,4,4,3,3
,,,
,,,
-0.6203452854948702,0.3265261531592023,-0.4723813156606566,-0.2336746788381299
-0.2946647241173663,-0.4799378050714866,0.2468652141082242,-0.4453016470080645
0.6803470117607997,0.3494109236568947,0.4211386624270728,-0.2869038325576048
-0.086642754006511,-0.5555557065355604,-0.4304366545515061,0.02286985805625519
-0.07812693368519977,-0.3418267173193909,-0.2125405995574603,-0.5932026906264749
,,,
,,,
0.6721677906888806,0.60818323537506,-0.5889518534650026,0.1559041809977926
-0.299615289405732,-0.6854749822732037,-0.192469986480169,-0.05976435989742579
-0.1937688052860894,-0.47286466571534,0.6463590566629975,-0.2171964311364163
-0.1278637079443228,0.2543867979005949,-0.3937092993164912,-0.4177136883287632
0.5653444555906016,0.1232640516371441,0.7289151245353359,-0.6672438473953783
,,
,,
-0.4028083905498971,0.365030945267504,0.2490645974039244
-0.1831596543267335,0.4277955882018867,-0.1207035364775628
0.003837431448324158,0.4992993938791441,-0.6733757636250212
-0.2697331976801543,-0.2658634555752336,-0.23508959866552
0.308119564632168,0.5886197313606704,-0.6254052919508799
,,
,,
0.4798803827309164,-0.6929497197827467,0.5994265468277404
-0.2522648846654593,0.2463627428846071,-0.2778442181895322
-0.156683249762654,0.2641906343989433,0.2877978239850665
-0.7426997197379774,-3.543646038599923,-3.759186726259153
4,4,4,3,3
,,,
,,,
0.3574332926968689,-0.1269388675799863,0.4967119943223324,0.1786933546373496
0.60500373863504,0.5935459611794804,0.6681930056142646,-0.6001366348501198
-0.693343854131117,0.4103333446448747,0.2671718801415308,-0.3567363561787576
-0.6724373829745137,0.2298689581127902,0.3861624160328039,0.6611695930162778
-0.4376650395924363,0.2415287796348941,-0.499595313499674,-0.1925594115923862
,,,
,,,
0.05251942668009935,0.3426677699328711,0.3431433059586972,0.6713653389124867
0.2952115960292723,-0.1034142791439917,0.201858333714903,0.02821874940900848
0.04882722750524504,-0.6837812790203802,-0.07466900379538721,0.2381573012448707
-0.3583773485351491,0.5641617775446441,0.1680958646281057,0.4576356373932369
-0.4036454763435994,0.5501545669136232,-0.1696236285369807,0.6933736173961874
,,
,,
0.6255701649791443,-0.5687924397237377,0.08013423808546882
-0.5155802065952199,0.2989800670307644,0.05411038122378964
0.1716696759339018,0.3210439097907667,-0.4357473402270843
0.6537882566814743,0.271425267325636,-0.2174584115576892
-0.3729377135414551,-0.7969212881238388,0.8079410943575048
,,
,,
0.5352497121870385,-0.4865779101332089,0.5809617994795599
0.470836236424629,0.626573279274748,-0.5021084027681801
0.4467557099285704,-0.160371398382371,-0.6667412423400725
-1.402989172707291,-3.479230416686388,-3.355119738196011
4,4,4,3,3
,,,
,,,
0.384016885234707,-0.3424819953263022,-0.5621791737344861,0.2505329821586513
-0.2683472652783379,-0.2316947436759649,0.6262973532913672,0.1841830934310454
-0.1019724807662237,-0.4308237383931778,0.3169814640178388,0.07122598175300043
-0.6935197226642121,-0.3126049961702806,-0.173158526690658,0.3104802473206454
-0.01179507097115478,0.3937222734627168,-0.04281741607762582,-0.4080545346271129
,,,
,,,
0.06743137561322665,-0.6259903896598105,-0.1028210419314681,-0.3399823526676896
-0.19440564839504,-0.4263582460553181,0.04241519370077806,-0.2919962190331939
-0.2054508246407845,-0.2237586662529276,-0.5085863010757887,-0.02787163815079996
-0.6928548004569469,0.002147873838293513,-0.6294352717398353,-0.2846215700246096
-0.4865235667039778,0.1099886726304896,0.4168788238685717,-0.452999928586112
,,
,,
0.1408211019328426,-0.03152668610218368,-0.2026787396685721
0.477771272925015,0.4301914886064921,0.6934666271746703
0.01283170360077812,0.1691242734898174,0.4581600999906204
0.5246103061955538,-0.045095181853397,0.5409103271071294
1.216162831003265,-0.9404991179376537,-0.2529405177879258
,,
,,
0.1765971958740175,-0.4894671854426121,-0.4915015832981764
-0.6168631534084905,0.6486491312304739,-0.2232283079488448
0.5289664030206387,-0.2121930616819208,0.3055075110004597
-0.9662692332854417,-3.307496690897214,-3.308916027083584
4,4,4,3,3
,,,
,,,
0.5826547512011218,-0.3860957952031221,0.2094005837238542,0.1183854177417226
0.3850711224539409,-0.07813169968758382,-0.4115276621697408,-0.4735283204497109
0.3096302887486577,0.403455626102055,-0.3812144950749745,0.2703042309000238
0.4561264697453482,-0.5066930985663186,0.517789560232087,0.6019112019848927
0.3600045028186827,-0.01282675727429351,-0.4052532040986729,-0.7052615482423454
,,,
,,,
-0.3045226138213577,-0.5408398383074555,-0.6684842255128645,-0.3708887259640041
-0.5291305782351122,0.5682995700357234,0.5871703725614283,0.5061123515594679
0.5006674160846762,0.4265403695800749,-0.06624304215902421,0.1950752101144725
0.4226816269121736,0.2287917687977191,-0.08114689423867172,-0.3645193567983452
-0.3614708131906726,0.2930826960438815,0.235969913840289,-0.2571003274396625
,,
,,
-0.1362974102508954,-0.3974839887380371,-0.3032835492013803
0.3792066211488028,-0.6669823070798138,-0.654023328816236
-0.4542185988650114,-0.2552588761158733,-0.1608262945723113
-0.5905306541096914,0.6743911923735384,0.4119667596071181
0.2583717205660042,-0.2309694983787247,-0.1355968399101497
,,
,,
-0.529434943397707,0.2572065272087593,-0.4122152367707311
-0.6563810112506774,0.4738563513289955,-0.4952038560980323
0.08402607276774887,-0.2448674040880505,0.09198958946944502
-0.2259186360538206,-3.80802419331013,-3.271571770122538
4,4,4,3,3
,,,
,,,
-0.6991607651378616,0.3373691168793225,0.2925482425960043,0.272810618984149
0.1603784821944586,-0.637479607941438,0.08305933443547031,0.5503742995606018
-0.2141183142100624,0.6051295083326029,-0.02480870379943712,0.3616314032447538
-0.5752065216305576,0.631934194188015,-0.4862032128463194,0.5389431776720386
-0.03891076394944723,0.4184352567307427,-0.3297945588140865,-0.1023572681804906
,,,
,,,
0.5188504015346234,-0.1654422723157281,0.4365314666400988,0.453178490340062
0.0938407345083514,0.2399561379216147,0.6234115985582727,0.04027012680820941
-0.1286041382501834,0.1202158810396371,0.1003444894323355,0.5928508785399336
-0.1001653425300506,0.3701931504226659,-0.06221734441680815,0.6255738238987147
-0.3320605042921232,0.01057730384042728,0.2498888275633252,-0.1575617654467746
,,
,,
-0.2413606492502104,-0.4768368858947521,-0.6155416305107863
-0.6972127565684212,-0.2830002186912913,-0.5933964594064242
-0.3621220932733824,-0.2718924418344957,0.5413346066603282
-0.6073924355536393,-0.2168355224624245,0.0533793524149182
-0.1779307925021621,0.4068863792960183,0.4658332422570899
,,
,,
-0.5524614447285744,-0.4247890369375156,0.1644532685928053
-0.2487245870351574,-0.5373725669033163,0.5583967073037663
-0.6349981863538814,-0.6442096164688934,0.3812138300824093
-0.3216485060590414,-2.951098464513588,-4.085612957428387
4,4,4,3,3
,,,
,,,
0.06362978964326516,0.1225317877051529,0.3819615870267978,-0.4057107613093141
0.1294430344112545,0.6621297455470945,0.3994366054464749,0.6510080545471508
0.1144644995547823,0.4497000771198525,-0.1563710229909543,0.1020542327967161
0.6631087040810073,0.5535532746594516,-0.3122728196162695,0.1052190561731524
0.1397717475440061,-0.5227028173193702,-0.6298492149725509,-0.5529031379936388
,,,
,,,
0.476022729512912,0.009369506198031896,0.1023605477397801,0.2006215279593996
-0.2579136359870923,-0.4172664507157947,0.6261464393029641,-0.4834275631524289
0.3529163734426077,0.2089231265925295,0.2236899284934259,0.4549223359098369
0.5843305885276839,0.1336881248073207,0.32659377983087,-0.1612415631984414
-0.3899489451473071,0.4509708393063751,0.2838764383513871,-0.1573814784722465
,,
,,
-0.1696090615723319,0.3123820225135943,-0.6944452812798692
0.1327715859924296,0.32572982310377,0.02541129733092362
-0.5404894813494698,0.04840929452987996,-0.3009474151308339
-0.4312154126735573,0.5412718487386472,0.0987457205296064
-0.4384038473849064,-0.7240577012147418,-0.7413759193963141
,,
,,
-0.1567510804106705,-0.6122398809617974,-0.5860363282451542
0.07769305872034971,0.5818573170466403,-0.4838856130080417
0.08789648746708889,0.4940333042700245,0.5118528048063429
-0.6652547131428448,-1.015448264082237,-0.3751722464971535
4,4,4,3,3
,,,
,,,
-0.1599384351979002,-0.3797521693736094,-0.1397603110336281,0.5499060934324067
0.2456947773163441,0.532959460299816,-0.07444398599733204,-0.06578393816048955
0.5867008979994599,0.467102747772091,0.4152759379218653,0.3606950944764338
0.4399413575340085,-0.5017267377601494,-0.1647761170516006,0.5135042690242635
0.6480876122540968,0.4840252277728173,-0.07790068541480946,-0.09653097622450253
,,,
,,,
0.2296685881287784,0.5505406773369979,-0.1624314406186769,-0.09535084864925647
0.3280056672263774,-0.132625380860744,0.5644734173260957,-0.6267328567294768
-0.1007029917656103,-0.1971496486628528,-0.5313693091920213,-0.2325094938911999
-0.02102263076100475,0.07230529223288285,-0.3929205789109287,0.117862968876999
-0.6165132277746248,-0.1238716531661015,0.6645122944535262,0.3790674028491519
,,
,,
-0.5881087037468488,0.5320920697323461,0.5521232115139443
0.5708895566500654,-0.6471443006610264,-0.6389703682138711
-0.4009300171563305,-0.4429074944651517,0.5910012058457561
0.6898527397079026,0.5503153494622937,0.08832413431581043
-0.2131911079655086,-0.6318127395419326,0.7510324124397245
,,
,,
0.2956903793175665,0.08523249005067979,0.09596023358392847
0.6493157125351796,-0.2861570104219055,-0.07169912217324181
-0.6585351044011437,-0.2573050549704503,0.09705225954913665
-0.61926203902951,-0.4435372712252469,-0.7434735989522691
4,4,4,3,3
,,,
,,,
-0.3889407304190814,0.3512320284501849,0.1604189862390277,-0.6811621338196183
0.4581787123661796,-0.04315651818293997,-0.1030544682460147,0.3963947089903497
-0.4672239855245913,-0.0574927648514113,0.3375379548841675,-0.2391590743655698
-0.4638148428095381,0.1906000227569198,-0.2269970193111777,-0.2270041931792712
0.4708826892227608,0.03005030026230818,-0.1046732391098543,-0.6056070414453427
,,,
,,,
-0.5243129888844735,-0.3774740081943641,0.6276959446315269,-0.6452707850906012
-0.1779710939038687,0.6453189064467328,-0.116504675271155,0.1322652031119975
0.5890007510445134,0.5077744982556633,-0.5194669612925755,-0.02842331971671319
0.3574080637947701,-0.1982596095289225,-0.3352339628371186,-0.144041853218243
-0.4937753142994638,-0.3511587568487169,0.6125801055633714,-0.1531367346873372
,,
,,
0.3576715302407789,0.1811616275710283,-0.2411874502410083
0.1560972946308414,0.5003110867511,-0.3971637615390844
-0.6832755483422657,0.1435057178877249,0.0354961201617372
0.5882492898802456,-0.3997578683965618,0.2521159768606691
-0.01671390992363567,-0.8371700686612742,-0.04282038682834007
,,
,,
-0.6320050393563664,0.242469318981913,0.4559664519861257
0.1889235035266799,0.6810914218068418,0.6769784372155734
-0.3615999915851948,0.53459661090581,-0.5677686813435404
-0.2511037962874329,-1.326783959033169,-0.9249750450817291
4,4,4,3,3
,,,
,,,
0.5565734142207397,0.1033416769202833,0.07184190887816888,0.6987311679964068
0.5462752574422551,-0.1571005026145721,-0.6157819073274344,0.5847831273761206
-0.2761012228644729,-0.07409594097601824,-0.5538352609614905,0.2472068931158817
0.5235645865395915,0.235395639130676,-0.629031311275501,-0.2402860986135715
0.1156123983577851,-0.08311058092199011,-0.09705817796342119,-0.4554050261068485
,,,
,,,
0.3423099181099667,-0.1107098193022306,0.2366593372160369,0.6543137693108692
0.6355153952846082,0.08914112503990268,-0.3448282182347782,-0.6023322093666411
-0.3249117851830025,-0.4774322874031058,-0.423191612089263,0.2277419474805589
0.5470760613200518,0.1919527267704964,-0.1987986182526259,-0.1244235009922928
0.6925373217265697,0.09176025363338122,-0.5455216607494742,0.3307823100188786
,,
,,
-0.1762256834888192,0.289458787972885,-0.009291664425027157
0.4979714425053958,-0.3092965743298373,-0.03186134800692875
0.4265386636070234,-0.131227052720206,-0.3020063007094402
-0.243459407049869,-0.6990971937993874,0.6485862286295367
0.1523759014065477,-0.5121349107644649,-0.516101513209227
,,
,,
0.1307972251666089,-0.2512713787515727,0.3740187932860088
0.2116475251928021,-0.1284536018579679,-0.6910968791706634
-0.2136104500007774,-0.6722786573027604,0.455621256647853
-0.558756951183161,-0.2056676172971443,-1.106636816231656
4,4,4,3,3
,,,
,,,
-0.4471428691745041,-0.1772768759750362,-0.5330649321714136,0.3401949193392078
0.3545378129751264,-0.3802119809839822,0.4013680357620728,-0.5132269333003046
-0.4361087724231663,0.221463033997201,0.5208784247435536,0.2673284753089734
-0.6306076998514523,0.4712973812174666,-0.4268588550160358,-0.3981353341341561
-0.4708831640606789,0.2130098264953354,0.344386395868915,0.687327908047627
,,,
,,,
-0.3565882641549812,-0.6778974502259608,0.002715367212643316,0.3503814984459395
0.6192714148096308,-0.5554966876495815,0.4727436810178236,-0.1859480779123808
-0.6968719373856707,-0.4375768956452495,-0.5119931139057494,-0.5205424324818235
0.2069975733023562,0.04175637005856836,-0.3746885240507504,-0.09660851203245091
0.2943080028557273,0.5733755534767717,0.4514116348464515,-0.06166279759597459
,,
,,
-0.2694570289241814,-0.5211453201570062,-0.02766719417817332
0.009602481756261994,0.3413197748735028,-0.2703371093740158
0.4622411572673926,-0.4889972029044847,-0.5360259303039447
0.02498613610283984,-0.3006994126174757,0.2373668497869031
-0.4955207325004968,-0.6296252070195163,-0.2877406703946696
,,
,,
-0.4949088003281237,0.09084646837243393,0.3402909524138023
0.4695426606925066,0.5012742836344557,-0.1500371405495228
-0.6578644376264163,0.03741223480144551,-0.0647825191524849
-0.4040584375140782,-0.8882581013923724,-0.7260341923586096
4,4,4,3,3
,,,
,,,
-0.632877948348566,-0.4739372563639285,-0.493485596292313,-0.510335723275624
0.3948500624300559,0.5255193812363712,-0.6683710179228298,-0.05897841108805024
0.1951295305867935,0.1317521770768592,0.3461634548070469,-0.2614491341426531
-0.2960334685161896,-0.6592074419283953,0.1037141516907827,-0.4531453125148279
0.1167879161998308,0.2803935883192183,0.02943142897145906,-0.1999036178516349
,,,
,,,
-0.1075313920814184,0.5177145099700595,-0.5569628478718077,-0.1270454355930153
-0.6838105599266036,0.1635829711476445,0.3907949010284453,-0.1417581728888745
0.5114578486124366,-0.6516468728971073,-0.1315638508349321,-0.6687457157134107
0.367912937465289,0.610466524797423,-0.04316568887068128,0.4237151337731564
0.2565216174509107,-0.5911388018565958,0.5516242572678592,0.4041013305202836
,,
,,
0.529334796611779,-0.3397468021122572,-0.3111161184956164
-0.327439712621217,0.1301597572686636,-0.3855279467859236
-0.5032006109387315,0.1926457353695156,-0.6242445918748368
-0.6750520315440799,0.1884288206188014,-0.1454026922657815
-0.5284704059260417,-0.4757875626440431,0.1965900547083911
,,
,,
0.58210002994433,-0.5921443075229338,0.4347385792508383
0.05894248836458071,0.122653616178396,-0.379796424606109
0.1183744100810914,-0.1263207826939189,-0.6930898812597925
-0.8625977546796835,-0.4724851387380676,-0.5259430505649695
4,4,4,3,3
,,,
,,,
0.4091307095656622,0.1064303279953557,-0.4120711046918027,0.394321652713076
-0.3982325773570429,0.6385484183916614,0.03553954345563226,0.11280404312112
0.1209652978806988,-0.4782724598132814,0.5805984055540665,-0.3475696174797372
-0.6272047236806818,-0.6247793377008473,0.11097065957771,-0.403135345999951
0.5961793797016581,-0.2238132031187792,0.1928336706386301,0.7067402095222852
,,,
,,,
-0.005580405997368754,-0.2090812667224879,-0.03229683780380832,0.4683389576441257
0.6458670070660799,-0.4255810780418023,-0.2437896933119714,-0.04682584218868402
-0.3993223755921465,0.2056530221852344,-0.1925240353991741,-0.02566430666122899
-0.346664412903628,-0.2476639057496221,-0.320965389777457,-0.6768339697927959
0.3587291026240725,0.2637508436975599,0.4204531921428383,-0.2252576365527583
,,
,,
0.6416643778264557,-0.3663300940104556,-0.4267855032168808
-0.07342284108552233,0.2087804701282298,-0.3222975300467929
-0.3091136681630919,-0.4457053737232253,0.5681941610187085
0.2778443703398474,0.3299176272040361,-0.6041357383464585
-0.09946369923501806,0.3153424487373679,-0.4608922238513457
,,
,,
-0.04451764116020551,-0.6347328377586463,-0.392305428625203
0.2705070408338088,-0.5057623636562214,0.554074696880462
-0.6568910127788774,-0.1310495453518806,0.01172836957001033
-0.7017378279907419,0.1041635725839453,-0.831635002020744
4,4,4,3,3
,,,
,,,
-0.03473536372633579,0.2118261227571381,-0.6792639859488604,0.1186789645672152
0.1872229690576487,0.4102600825401292,-0.5473045150300082,-0.08874394192578661
-0.3361339338724706,0.3948088397718363,-0.2630758490976602,0.2935624373840112
-0.5811610248296251,0.1398730982723433,-0.2028213618035721,-0.3551933714429532
-0.1583881421981463,-0.001146406830639498,0.4872043225980994,-0.2630646585919271
,,,
,,,
0.2990076983707249,-0.4332027266313374,-0.1436097757368586,0.5071226005682257
-0.6698283455446098,0.5904275453631396,0.3852971430181646,0.0278816531498387
-0.5521796438506041,-0.1037645309245792,0.563297641891058,0.6821338629537159
-0.1148407314031095,0.4551363604581755,0.6262685346033598,-0.5394209206731139
-0.07425750343258425,-0.2756349692695423,-0.4341184361551903,0.5399264855767777
,,
,,
-0.337029921886603,0.565209021560336,-0.1495276205328637
-0.6024955804466012,-0.1584904008856142,-0.6647111751863098
-0.3741460934913485,-0.4258303795833165,0.5086833674072426
0.6312411565921048,0.3900517302716449,0.5681570149166362
-0.3755409671441757,0.3115820571060776,-0.05131883811851363
,,
,,
-0.105951322497846,0.4234372274696554,-0.5082361657352623
0.4850124378395677,0.1542096665394677,0.1267552960428895
0.4287223729504599,-0.1828238243591922,-0.6086619747352517
-1.22332584959436,-0.8160754180221323,-0.2342596767682453
4,4,4,3,3
,,,
,,,
0.3369878736118512,-0.1844236206509191,0.3935965120082849,0.2352106929081271
-0.6933862296784444,0.6374331662529373,0.1597992462102673,-0.4315801875032164
-0.1852507848126499,-0.2150182104723187,0.6349268277660616,0.2547648625758796
-0.6355249799010161,0.6397800062920866,-0.03000030918820651,0.5925005091084661
-0.1512238450720202,0.4756995260558456,-0.03620270007584032,-0.4027868611968405
,,,
,,,
-0.2564214447521833,-0.001035280293378182,-0.2717251053956795,-0.6755915181103964
0.286437872537224,-0.156305192763436,-0.08559551961885525,-0.6679536388823607
0.5196395602817045,-0.4612465354454008,-0.6001274443877302,0.3283839052698181
0.0539050496325838,0.04756556136947587,-0.3299434233126983,-0.2213208283135581
-0.1097050028053978,-0.686269702485616,-0.4917225628686063,0.1489132524357269
,,
,,
0.3634944900324029,-0.681085466429331,-0.6011676674243155
-0.4481422179553789,-0.2167698262060759,-0.436613453482287
0.4632838628389562,-0.4635625149943049,-0.01766253800286477
0.05396521094392048,0.2791832149730313,0.2673124615078796
-0.0765050233992827,0.6273801039672162,-0.4074349069725384
,,
,,
-0.5962161170616544,-0.4953562748251666,0.465117247412498
-0.2901007139038758,0.05425214096015019,-0.2109498350615902
0.1025303047875423,0.4831486877693625,0.06172534367605476
-0.2005900411569137,-0.626913557919847,-0.873322170490978
4,4,4,3,3
,,,
,,,
0.3262284980482364,0.464563249850358,0.2723860403855815,-0.2702444034524442
0.357965718893305,0.5068969024847476,0.01471087037275409,0.1645672852236146
-0.004305708777259887,0.1700505676930221,-0.6518272978543441,0.187715693073419
0.07123965610636729,0.1446005282581323,-0.2359108302540333,-0.357047268222396
-0.5835334377891956,0.5486110656743168,-0.3250468331330119,-0.002001135526227185
,,,
,,,
-0.6202531887596359,0.4941793293363792,-0.1707707200462346,-0.2323855534289762
-0.5069464265313551,-0.2180320513136157,0.4820461629454662,0.1982412958205638
0.07833224977151865,0.6943496145146326,0.3025941592801742,0.1419537878023436
0.6411650037677405,-0.2291931699818722,-0.569031547728966,0.2894418440870198
-0.4722235190074205,0.3240412951277193,0.3142860252056973,0.107697447649827
,,
,,
-0.2575205204296079,-0.328029446520009,-0.01767143297496943
0.6550890012952897,0.07964046039194228,0.2545063189080913
-0.3788319902477854,-0.5197973352652612,-0.3219114094253019
-0.2058134055325516,-0.2462346090177966,0.6152085309532176
-0.1076926209525162,-0.04950910075879726,0.06590632721631416
,,
,,
-0.5221450142957875,-0.2878848075182384,-0.07017753924697157
-0.4854589126636525,0.2414635256483582,0.4919288218974696
-0.03628830536926697,0.4969050840792364,-0.3353554285225548
-0.2420813418351412,-0.9381268860302214,-0.6426700698323132
4,4,4,3,3
,,,
,,,
0.5565734142207397,0.1033416769202833,0.07184190887816888,0.6987311679964068
0.5462752574422551,-0.1571005026145721,-0.6157819073274344,0.5847831273761206
-0.2761012228644729,-0.07409594097601824,-0.5538352609614905,0.2472068931158817
0.5235645865395915,0.235395639130676,-0.629031311275501,-0.2402860986135715
0.1156123983577851,-0.08311058092199011,-0.09705817796342119,-0.4554050261068485
,,,
,,,
0.3423099181099667,-0.1107098193022306,0.2366593372160369,0.6543137693108692
0.6355153952846082,0.08914112503990268,-0.3448282182347782,-0.6023322093666411
-0.3249117851830025,-0.4774322874031058,-0.423191612089263,0.2277419474805589
0.5470760613200518,0.1919527267704964,-0.1987986182526259,-0.1244235009922928
0.6925373217265697,0.09176025363338122,-0.5455216607494742,0.3307823100188786
,,
,,
-0.1762256834888192,0.289458787972885,-0.009291664425027157
0.4979714425053958,-0.3092965743298373,-0.03186134800692875
0.4265386636070234,-0.131227052720206,-0.3020063007094402
-0.243459407049869,-0.6990971937993874,0.6485862286295367
0.1523759014065477,-0.5121349107644649,-0.516101513209227
,,
,,
0.1307972251666089,-0.2512713787515727,0.3740187932860088
0.2116475251928021,-0.1284536018579679,-0.6910968791706634
-0.2136104500007774,-0.6722786573027604,0.455621256647853
-0.558756951183161,-0.2056676172971443,-1.106636816231656
