4,4,3
,,,
,,,
0.3869452298270035,-1.574528446059196,-0.2825510278120637,-0.7702910798667582
1.563574656223977,-0.8042995903953265,-1.319503288726798,-0.1715446065610597
-1.280551608579592,2.031308159400622,1.952661176664511,1.749190180904594
-0.9866848105459894,2.005596316900736,1.217839431242438,0.7169718277809058
0.5868472419131503,-1.081586351596146,-0.2716026225639449,-0.7521875701777864
,,
,,
2.01696822426606,0.2698810501517193,-2.493504496914989
-1.253882092139617,-2.342676408898233,2.607346627976376
-2.11665766285922,2.235820962588874,-0.1068715535629962
-1.943150184666109,0.6824813389197674,1.271993991615242
0.4585472928627244,-1.956844733493425,-1.355300055067249
4,4,3
,,,
,,,
-0.7059814631344223,-0.1639708700487064,0.09558921303711752,-1.514422694016881
-0.6971694698769179,-1.378019059751298,1.154945459114935,-1.690361941028199
0.3494209519277983,2.125640580389522,-1.676992483473543,2.346377348473849
0.2796802906828221,0.08542730668059059,-0.5832243622517468,2.133297772685104
-0.686339354527798,-0.2218075968402937,0.5500707443312634,-0.6560733255076221
,,
,,
0.3421738226475088,0.3804233117233947,-0.2636790032523054
-2.681653780706934,1.720748482991477,0.4479915198159585
2.1643375630513,-1.519565974598626,-1.232411087337522
-2.062798229952249,-2.286187694821502,3.564959687122929
0.5560968766230865,-0.643295570783661,-2.187211680072187
4,4,3
,,,
,,,
-0.8741434202809647,-0.3752685315425248,0.9984110555281823,-0.8535733690770735
0.1375748382093374,-0.512224795994651,0.1895722724223927,-1.170060209479102
-0.4827363324331543,-0.1927410349942199,0.2131346963744508,2.0111530502378
-0.4774953491986318,0.006029109362766836,-0.5284696058679209,1.419766551958399
-0.3360770277870767,0.5625083432684099,0.01819508229047103,0.1192477188274127
,,
,,
-0.477456279713851,-0.2634021065817981,0.285124153631148
0.3233445628603009,-0.2146827714042748,-0.05072354817417854
1.230909799752715,-1.15610945981234,-1.835929729568558
-4.714850240682799,1.74526078743667,2.955763512137314
0.6896451955265173,-0.6639431637341057,-0.9086533714054591
4,4,3
,,,
,,,
1.758148716175059,0.2047460304974662,0.6473039210984635,0.7804731406948895
0.8827595056026016,0.4719814070371589,1.135641281087795,0.3308079602402949
-2.307622329245175,0.1681921179773566,-2.491272413815687,-0.2106034586033522
-2.076468359724278,0.01199333560119414,-1.479712103702973,0.2069506788330774
1.083308832129108,0.3391937645054385,0.5173999609669935,0.6518370099262354
,,
,,
1.754223892817432,1.995022886990222,-3.848978062265378
-1.506245254749766,-0.7812356917733563,0.8266493424553601
3.920031846342103,-2.957775966732471,-1.289850280573908
-1.326616621704441,0.4352197294762822,0.143553168804699
-0.6554419958659207,-0.6129407961934489,0.7217447086442534
4,4,3
,,,
,,,
-0.5020031025078531,-0.0672388540159945,-1.294050797051345,-0.4795143018140702
-0.3529416840662568,1.806320233012994,-1.698017981507267,-0.5525311520456024
-0.5818098989012763,-2.24775358440169,2.260099046298532,-0.07720478565984161
0.0005993153189544769,-0.3427482455865514,1.230463535479664,-0.5188431230502182
0.4114097131281092,0.701231616887961,0.01750566033745295,0.05472888872756009
,,
,,
0.08210179962643388,-0.7204240299483577,0.2911790614967684
3.267777319942655,-2.328371303510908,-1.816796522428195
-2.954073851097403,-1.30788300555939,3.079683951098287
-0.2355631011657287,-0.5911332306334101,-0.6779551642761856
-1.060248191810972,0.4512157403201575,-1.537199510848431
4,4,3
,,,
,,,
0.05809586076727654,1.067084884724615,-0.8604008520830744,0.3666631231460197
1.363433574573295,1.147230359984911,-0.0447597016091888,-0.01442845414727349
-1.742463295795343,-2.017911111438356,0.09595543124820226,0.4650261909365438
-1.222080106290113,-0.6565693290500159,-0.3934773908302075,-0.3100662369107251
0.7361200177622862,0.2562772200402899,-0.5125623693101281,0.4562746744349318
,,
,,
2.762751876830827,-1.88949932451181,-1.771304583424216
2.831280800883129,0.1712822250582597,-2.838190954367387
0.4751600589077484,-0.6817188361998998,0.4918020418041811
-2.036982973629676,0.5384276489320164,0.3700374449347367
-1.502257856472417,-0.5652559757320393,0.5209145148477921
4,4,3
,,,
,,,
0.7171167035212603,0.7595160805280882,-0.008310387508258826,-1.527786294090993
0.3812274683611053,1.040761510310201,-0.5582833058680853,-1.547419073790505
-1.134011731446056,-2.577680279403255,-0.285407239267559,2.232212559671497
-0.07427969880787549,-0.9783049402832078,-0.7363299022388325,2.238965464712682
-0.1412043526124865,0.007871710763995961,-0.4681513157275775,-0.5430384882852139
,,
,,
0.2962250614321816,0.3669094977926271,-1.261170306971019
3.071626545520008,-2.970814285141327,-1.850809558963114
0.6195222646083618,0.1339400153446309,0.2030245793495839
-3.371723988946741,-2.203504203954446,3.501274535488419
-1.319993329234789,0.8605698627050395,-1.296567255460704
4,4,3
,,,
,,,
1.68470092826538,-0.3358508545833367,-0.07687813777325177,-0.5025424581381358
1.261629952276266,-0.6745092329017862,0.4729816093387452,-1.331473518691063
-2.614553565943214,1.341900617030845,-0.1680297252073855,2.113229210338352
-1.528372389112048,0.3438929436404791,0.8173344391744445,1.079129784909931
1.097185285464346,0.140067696936368,0.1596392402997654,0.3935661306852814
,,
,,
2.22345151656189,1.484681394094636,-3.981842640767765
-1.798818566540156,0.2723292373601788,0.1584645543486161
-0.1078911816037305,-1.612073624829695,0.5885463376295439
-3.153755137035446,1.969822586576981,2.16107003649194
0.5574421953770929,-1.708321230184875,-0.8940492058521872
4,4,3
,,,
,,,
-0.6180163210475734,1.621572491049107,-0.1874514403551551,-0.3964575636852423
-0.007776648523149543,1.584040044529705,-1.777778211778646,-0.6945208684806811
-0.2589055865106699,-2.439224546253971,2.260529745839661,-0.4011511547786147
0.2273877705249459,-2.112038631017519,0.8348667152740097,-0.4244199854948698
0.1414938573292407,0.4701212752681722,-0.1755117067806382,0.4501363100902939
,,
,,
0.1524925816663295,-0.4209873840249167,0.5375908992986105
2.724616462204322,1.569744175837264,-4.12870808249521
-3.640303714539269,2.140623332253945,1.919058152253933
-0.3493449190057134,0.1703101007919803,-0.1773151947546623
-0.6167487301367922,-2.938217933382625,-0.0848870332244149
4,4,3
,,,
,,,
0.1349542811339183,-0.5917343107868739,1.801627482049719,0.06530188112471147
0.3965893898847885,-1.411844394570296,1.155896523972405,0.4269524404782212
-0.4890254669140138,2.435988097091797,-2.727081560993903,-0.1317124465412826
0.4214766608993886,1.30033129269786,-1.731823346411256,0.6352901423424104
-0.4582640263478463,0.1585911440458391,1.459210337420958,-0.4289836406726698
,,
,,
0.7008688112054655,-0.7151778601532555,-0.2194326845654634
-4.03971283160266,2.467090913834787,1.675187998157846
1.724492283175287,1.996489165448434,-4.041092481658546
-0.645010289344329,-1.591048349105914,0.1712997877615954
0.5792729444575423,-1.857035482283683,0.1625159825669318
4,4,3
,,,
,,,
-0.7059814631344223,-0.1639708700487064,0.09558921303711752,-1.514422694016881
-0.6971694698769179,-1.378019059751298,1.154945459114935,-1.690361941028199
0.3494209519277983,2.125640580389522,-1.676992483473543,2.346377348473849
0.2796802906828221,0.08542730668059059,-0.5832243622517468,2.133297772685104
-0.686339354527798,-0.2218075968402937,0.5500707443312634,-0.6560733255076221
,,
,,
0.3421738226475088,0.3804233117233947,-0.2636790032523054
-2.681653780706934,1.720748482991477,0.4479915198159585
2.1643375630513,-1.519565974598626,-1.232411087337522
-2.062798229952249,-2.286187694821502,3.564959687122929
0.5560968766230865,-0.643295570783661,-2.187211680072187
4,4,3
,,,
,,,
-0.5506094910365126,0.4215064543065062,1.111188667678342,1.296651823455092
-0.9293308279881735,1.520120772655222,0.9533710946072532,0.9347454871497834
0.9463218189876218,-2.403353272698196,-1.720449565027438,-1.873423950379633
1.368084962146356,-0.7388810109545707,-1.071275854805496,-1.58255454457216
0.3880934527375939,-0.2308751134193215,0.3741430622092822,0.7095178303086932
,,
,,
-2.565491853795598,-0.5207566492609299,1.931063183564006
2.505132010614733,-3.266412878978523,-1.253772187347848
-0.08359193471969499,1.260838544756693,-1.941555847707165
1.685569686763134,1.205360615106987,-2.663855820328314
-1.727913575011399,-0.9019885088777616,0.6322737783925501
4,4,3
,,,
,,,
-0.6046446877241092,-0.8625296639441592,-1.471875886926025,0.3277887202339841
-0.3596731441886892,0.1405153790408875,-1.289993106596252,1.272452561350614
-0.02241989250343241,-0.7241637798895999,2.299766203721294,-2.084735395733502
0.03512968047570062,-0.3135850318905209,1.612373163164402,-1.208394175166243
0.4352808191910962,-0.3945170648146191,-0.8810270536785235,0.4105239627962102
,,
,,
0.5335973695095683,-0.1581508378923727,-0.4546618784604279
-0.08715074962062869,0.5232764879663512,0.4785437017300689
-3.516050870378328,-1.748759284998361,3.341931193303425
2.778897190443811,-2.491758501552668,-1.822042911744941
-0.838988787569187,0.6895791449090182,-1.669458638941399
4,4,3
,,,
,,,
-0.2300975144431006,-0.2541162800790265,-0.7376801273338601,1.88879104384519
-0.5607277388439417,-1.57276301694272,-0.2964729556142448,1.018558388453251
-0.8049354006085868,2.00081387235634,-0.2010621718009196,-2.651158855752311
0.4196655374286533,1.477587308745754,-0.3173010537049652,-1.73158745413416
0.5299577599824763,-0.2029586991519524,0.3735960117085552,0.9043707295724429
,,
,,
0.150141328441264,-0.1025385613104997,0.3733014185845233
-3.702237974850509,1.952333393412183,1.680839071906156
-0.2551418844012645,0.4959767288030422,-0.6611892871187851
2.521645392552771,1.451937928747532,-4.060668115019109
-0.4359796128327936,-2.742255989742056,0.1735211909700508
4,4,3
,,,
,,,
-0.3467116501211445,0.6418703033084687,-0.2426818707108722,1.375760733538731
-0.5148311036636527,0.9270580801243716,-1.559199590172843,1.201523403682972
-0.3522709353045738,-0.9996850164824129,2.332791357959753,-2.235626622467259
-0.4816299407538855,-1.69162328183353,1.192070643512382,-1.104119222453473
-0.003960162249967558,0.6649005222987526,-0.8455323327032503,0.4222433798378792
,,
,,
-0.267904076130451,-0.1059462946544929,0.1422004116565807
0.6590166011718043,0.4485298286337951,-2.22410882997444
-4.099007877381523,2.205089360678723,1.711455021449576
1.684082428284708,0.8792507333512888,-3.19864960510681
0.1366035591314953,-2.764178429188472,0.4589898396548934
4,4,3
,,,
,,,
-0.2629904372984246,-1.906141958034013,-0.123124999188321,0.5520067250752553
0.6220767398687828,-1.208638982413391,0.969859453390014,1.106105976378859
0.3150575056565331,2.585026230619206,-0.4413327204037411,-2.655578874941345
-0.1087058407373057,2.01343589284968,-0.616390130820114,-0.5757161402900254
0.4110061112720101,-0.5489762400983502,0.3288039694997489,0.8410298008483239
,,
,,
-0.5371197661450227,-0.1925843679377194,-0.2627712985196655
-2.972070479760024,-2.428813614977392,3.634546014294815
0.4591484037741691,-0.03933274288609404,-1.289721176281833
3.238657110563828,-2.881492306390148,-1.448005469820636
-1.060338934776516,1.226258726326749,-1.198860088182648
4,4,3
,,,
,,,
0.1210491628943797,1.539461966766625,0.100250916550096,0.8537615912820666
0.3117192970724119,1.299925930111284,-1.142308459769073,0.8315864436811991
-0.3601490909412174,-2.257576099437405,0.9783689826069787,-2.30565665860522
-0.6074461738943657,-2.162106854338524,0.6859052364366677,-1.398743589372382
-0.3770918777799055,1.074867113937412,-0.3007592466827367,-0.2767738732439909
,,
,,
0.6355782517414538,-0.07396300229953613,-0.8375228484272472
1.729804975061959,1.860083814345054,-3.730390762749903
-2.242980674610795,0.2350221458045549,1.073008718510164
2.788507689233509,-2.653718615142973,-1.552407861146705
-1.92330143554275,-1.031424713056083,0.7861588522679791
4,4,3
,,,
,,,
0.3510660733601478,0.4616767349734341,1.381545269236392,-1.057375349369672
0.5813076950788914,1.220180531738908,0.2983155832252792,-1.196379015441283
0.6300781803481401,-2.398064259116407,-1.678783024007852,1.784105905602197
-0.132414046348034,-0.6120938622726317,-0.9839861532628312,1.386717470193665
-0.2245156451706849,0.4279356469705871,0.3699641675362683,-0.647294085197732
,,
,,
-0.6779571916487308,0.1800823024043379,-0.3897691650168948
2.926371201065484,-2.917480115946418,-2.499814265623871
0.3515982560179711,1.657185477994567,-1.70488360786444
-3.287506657428518,-1.006565999981246,2.662944964500701
-0.5559544897958244,-0.524046802373313,-0.312396874930882
4,4,3
,,,
,,,
1.0028783993171,-0.1370239536214919,1.300903656668214,-0.2436366781478601
1.506143507184677,-1.520665766558194,0.4815061775238652,-1.093824157080082
-1.803759346801941,1.762038525357516,-1.735813019269069,1.833321610021621
-1.575568012328672,0.6365990366601412,-1.340168223481437,0.7791525212613574
0.645580843955007,0.2505098696823141,1.036508061555517,-0.6229708494441473
,,
,,
1.489580872717826,0.6329485556008784,-3.392259258016491
-2.79012185684156,0.9996950149823952,1.764558686211635
0.8505596417529476,0.841013461791526,-2.339304089484684
-2.29522652563935,1.035380230681263,0.6866706704991522
0.554559337689097,-2.782099092242698,0.1351214107195683
4,4,3
,,,
,,,
-0.5389517301317782,0.2015434274072864,0.198904973882586,-1.50624351472759
-0.4011765289612639,0.596135955551362,1.291403109249928,-1.61306288890613
1.975264313011025,0.6611102459963525,-1.849722826329276,2.526147053009351
-0.08608973367315169,-0.5511839881817108,-1.413994808227887,1.68766736745465
-0.5239519682593748,0.4648220837217753,0.6602083704791577,-1.018683243314592
,,
,,
-1.761078307968143,1.174156202109308,0.1539610614259629
-0.4584560015747661,-0.2817805518043351,-0.8393656195217709
3.108687733227295,-2.183616094640826,-1.672781244381121
-2.050879014241327,-2.237169858509652,3.607989944371434
0.1569291117238731,0.1849856804685688,-1.126733815539138
4,4,3
,,,
,,,
1.546893022888086,-0.4506090730993561,0.02638629813822432,0.5215194367076447
1.471250076651947,-0.8185988471095922,-1.742046718358992,0.5552743558233494
-2.430984185156651,1.057984866539518,2.039910247077836,0.6160542146402147
-2.154782418798273,0.5686876862468928,1.071051071253635,0.6559048257291307
1.431740914176596,0.3838932105091797,-0.8637912470510144,0.347203983064827
,,
,,
2.677465023183432,1.912673536370014,-4.242254410996274
-2.044840893449168,-0.2784900992369198,0.9576296354074616
-2.81865883751778,2.581166873456033,1.019237987116262
-0.6315648370552901,-1.73091614915538,0.05668731671005352
0.2989918996924377,-1.664663565718253,0.1891067762069696
4,4,3
,,,
,,,
-0.5389517301317782,0.2015434274072864,0.198904973882586,-1.50624351472759
-0.4011765289612639,0.596135955551362,1.291403109249928,-1.61306288890613
1.975264313011025,0.6611102459963525,-1.849722826329276,2.526147053009351
-0.08608973367315169,-0.5511839881817108,-1.413994808227887,1.68766736745465
-0.5239519682593748,0.4648220837217753,0.6602083704791577,-1.018683243314592
,,
,,
-1.761078307968143,1.174156202109308,0.1539610614259629
-0.4584560015747661,-0.2817805518043351,-0.8393656195217709
3.108687733227295,-2.183616094640826,-1.672781244381121
-2.050879014241327,-2.237169858509652,3.607989944371434
0.1569291117238731,0.1849856804685688,-1.126733815539138
