4,4,4,3,3
,,,
,,,
0.6911028805422503,-0.4310379105376281,-0.1238308336373734,0.675405472130177
0.6562460849631599,0.1728163948046167,-0.5927696017062396,-0.192701133812076
0.1328987894236796,-0.3182036809552186,-0.0769931776789381,0.6166626582104214
-0.4522818936415756,0.3851796306261334,-0.2894171944817414,-0.6353901533955317
-0.06056343520245332,0.4863549966515608,0.2039254306124661,0.07297115278626681
,,,
,,,
0.7460339625959034,0.1659304170735375,-0.4596697562438378,0.7039855485073793
0.137688468961427,0.359388954107062,-0.4367057495663452,-0.6821848482704586
0.683006273630017,0.5665025084090183,0.1438563849433583,0.5192203744165098
-0.3688696702702571,-0.08714409392657543,-0.5252229342613073,-0.1847468183831387
0.2368798522091088,0.1566434755669179,-0.5662221995715693,-0.2487967536745055
,,
,,
0.8941469839961509,0.3175415768073758,-0.1287728467215218
0.1031513362912998,0.6693815504945536,-0.3263107219815121
-0.6138228713855786,0.06892964704121256,0.4063235491416418
-0.2973269834780919,0.9408410161304089,0.5162561128503577
0.3698718187171324,0.6238958945024564,0.3793514554149036
,,
,,
-0.6444803651885762,-0.7770542771774436,-1.346039812268689
0.2729670210915414,-1.738700925608105,-1.352887234778213
-0.05578922035975363,-1.218730958775222,-0.348613788863904
-0.4093791870475313,-1.060101508664204,-1.518021191152141
4,4,4,3,3
,,,
,,,
-0.670561811404668,-0.2772654473352935,0.2509031431327172,0.4275726723383315
0.08681277666735848,0.3900860714347434,-0.09598618785514369,-0.336546913075671
-0.5776388306889639,0.4381002465754392,-0.4010978753453278,-0.6250434457475407
-0.162970497756251,0.6593920493885836,0.4422382032101407,-0.6588866775007266
-0.5398400459741181,-0.2837548197597234,-0.2038661114304828,0.3311221550359569
,,,
,,,
0.3570381049704136,-0.2288279679670433,-0.2190511905780454,-0.6112061393644966
0.03242768469156742,-0.6205621641526902,-0.07567489821336319,-0.2960394345084897
-0.061158471969052,-0.6021754480692054,0.1490868330632956,0.4293795744642827
0.4136197226811737,-0.6694015771847343,0.4469738756725933,0.6404219161691975
0.002802630639546179,0.4679830183340254,0.5701000901975793,0.6249687742050866
,,
,,
0.741586250975692,0.2901372793238433,0.101556299091722
-0.03977871926032078,-0.1144392963323476,-0.1811585411904735
-0.1464503744197183,0.7631186480401272,0.1434373060449794
0.00665224218354047,-0.1754712493098524,-0.5478028737512092
0.6484977180655986,0.6623762269483784,0.369695599075845
,,
,,
-0.3609268662731966,-0.4139596734417238,-1.636764173473855
-0.408566090216958,-1.429376561204078,-0.8993225696895879
-0.007774722549238586,-0.314873612348202,-0.7289342095314524
-0.0758983949525236,-2.191731134078131,-1.552463541250889
4,4,4,3,3
,,,
,,,
0.1215267059969451,0.48219629262632,0.3283510188536901,0.5249163658564849
-0.1035240175255627,-0.5258277526970666,-0.4341368823554475,-0.4014707035106906
-0.5331052270378661,0.1084637747424807,-0.1634705352464937,-0.01988923142629297
0.208566252232291,-0.04035153014594861,-0.6014858772865062,0.2121716643869936
0.6960101597645018,-0.1971590163156014,-0.2608892955606084,-0.06292816462198531
,,,
,,,
-0.2166381105013068,0.4472122628935805,-0.04452329739749411,0.7061792856044471
-0.1533761712674153,-0.5991112139202881,-0.009034469476569516,-0.6650280654195334
-0.6893581770179428,0.4897834547316096,-0.1315072717504618,0.3176282222134646
0.3573780032063279,-0.5319904710599952,-0.04479627972892842,0.3035144457992963
-0.3115944613227664,-0.2371981752698342,0.6786481593342875,-0.2362934729385824
,,
,,
0.4462164484648972,-0.6397207214729006,-0.2059165795762899
0.2165002604803152,0.1410008730858514,-0.2539666389891155
0.2025416396972932,-0.2404460295948731,0.4847069195823954
0.3801671021044435,0.1727192298555581,-0.04867234820604606
0.4563629341035292,-0.3658400882065103,0.6736573748364172
,,
,,
-0.3354289143983145,-1.10939346642766,-0.9263672405642933
-0.3484276524476171,-0.03287395448688847,-0.331481719190465
0.03305671160059993,-1.132663411801561,-1.068108113682763
-0.3411081379505167,-2.082628389132477,-2.147387766248507
4,4,4,3,3
,,,
,,,
0.2074462867634611,-0.5793481137343967,0.1258148244481599,-0.5841707259530998
-0.4374901466222703,0.5105447426639406,-0.4088779902441927,-0.66181654729924
-0.009315086225530783,0.3474389147923079,-0.5142463106745699,-0.03552543479273187
0.6300786996520334,-0.7261782122823647,0.1060121324323317,-0.3455983557725084
-0.01234340565506555,0.2206830123261065,-0.3206456580228101,0.01466664427631591
,,,
,,,
0.5268243067306372,0.4924624114172262,0.524161092578993,-0.2229808775895147
-0.1508023492728995,-0.6861696504345158,0.1684727922147382,0.0502202656867413
0.04657481617847882,0.1451201434947725,-0.4950335290534132,0.5967469566374087
0.2875894477789303,-0.1012876612228686,0.4901574121882875,-0.39860225495232
0.2311694950509864,-0.3761056109970406,-0.6163504081634815,0.7529634019188719
,,
,,
0.4158027523638597,0.6199331937154051,0.243190810875317
0.02091295137048747,0.6623699253821312,-0.1588252158145061
-0.2343042831853729,0.2752223434810951,0.03553458110678334
0.3571431700635852,0.04334885311891788,0.7774217023159081
0.0798795712511372,0.1861425867799689,0.06731819013484351
,,
,,
-0.5298689816918033,-0.8471498595963219,-1.151215632316785
0.6013667999113843,-1.2232658199187,-0.4649984374525732
-0.5400310833169338,-1.341471305198757,-1.148415611538299
-0.6394124671491855,-1.477436683721993,-1.94723473378032
4,4,4,3,3
,,,
,,,
0.2056324018315207,0.01589446250705924,0.6898646639342123,-0.112945625344358
-0.5137496701339436,-0.7408491386021594,0.5868414993242764,0.5084917862211162
-0.7347006266880487,0.2103520234676133,0.5453745572720038,-0.2532938052973548
-0.253314518793409,0.09771832542017386,0.2833234633737882,0.3065442523440122
-0.03338855858651433,-0.1828331077690371,0.3029918262783076,-0.5427307580363119
,,,
,,,
-0.5818863346136539,0.1533660049525766,-0.4168491757780198,-0.3069256689890947
-0.4580382665165277,-0.1953174580498396,-0.2092101572339342,0.2661413461618623
0.3696838117749261,0.1175533789229958,0.5554004892673037,-0.4253893861356098
-0.1104371216056578,0.006908207401721948,-0.2153906035691877,0.6933584151352707
-0.1651074036882839,-0.01923749032612519,-0.4606081289073961,-0.368065156940129
,,
,,
0.3072183085663055,0.365018769079915,0.496757879091497
0.3385504872820253,0.4569153508867224,-0.2605871636933046
0.4046385224068593,0.3497548684313577,0.1314770681398295
-0.188762202407819,0.04390047328738565,0.5977500498883932
0.028109054609729,0.3909315213586813,0.3042013413801956
,,
,,
0.4502700144455907,-0.5469476681164099,-1.395774147440359
-0.3473546127751188,-1.273933718112788,-0.8084002372184305
-0.4161092050592825,-0.5200101840185402,-1.206823407638444
-0.3934822710799202,-2.11827945306583,-1.518491221416211
4,4,4,3,3
,,,
,,,
0.4445507857218545,-0.5499570554378379,-0.2938732347778514,-0.5011290601188543
-0.1331083575605896,0.04084449699471048,-0.02985042371405809,-0.5549765427834754
-0.7253243123685924,0.2255774542580104,-0.0203029517566122,-0.1425328554830831
0.5144548545405068,0.5000418771124722,0.1779041981115376,0.6857727806406011
-0.6840924447232851,-0.5466356779409315,0.6577536634946548,0.2471050104577627
,,,
,,,
0.4948880572433247,0.4309724562925045,-0.401107913134957,-0.5450190936144045
0.2814290461610375,0.2985912335830894,0.6143878016100791,-0.5219512022679611
-0.1114463557713047,0.3644266496738616,0.1626370653338295,0.5940297153311354
0.4361643441668306,0.03814926630332869,-0.1464248425126163,0.6586214046022072
0.6429189894567743,0.4217269261270766,0.1080746022972497,0.4665872381606002
,,
,,
-0.5888884106157607,0.9512474186556603,0.7194215015095086
-0.4510830309541985,0.5156741509299521,-0.1482152499705447
-0.07106262838689399,-0.07471072932629204,-0.05319822017992964
-0.1074150438202483,-0.04748272687387604,0.8089736286773564
0.5895475812426721,0.8389819525601995,0.7997674646374037
,,
,,
0.2440715064575572,-0.6457586549594204,-0.3812493370558687
-0.5553773606055414,-1.632963132327583,-1.240606205651096
-0.2006860123595548,-1.545064483610773,-1.481306421426514
-0.2833686603487356,-0.8465812483403844,-1.327894666010246
4,4,4,3,3
,,,
,,,
-0.4394541179202666,-0.4777919754171316,-0.4947207426214245,-0.03138984191762258
-0.2748592787078948,-0.06158870870428666,-0.2019689782339228,-0.3421656284258938
0.6059334190400777,0.5777420628286232,-0.6914550017222646,0.4481226681791053
0.2883182982359315,0.5831675873102635,-0.02781154727409074,-0.409906885733726
-0.3958173771996176,-0.09073350335929331,-0.5498700396023817,-0.3107964979357816
,,,
,,,
0.1950418428197268,-0.4976364844194281,-0.5715443816151698,-0.442003190453246
-0.2331968124371648,-0.1009871058064842,0.4700175431146263,-0.07410637768007443
-0.1273008920502307,-0.5638649562915451,-0.5095363083954454,0.4776396617061943
-0.01148038217337324,0.1520827333015566,-0.3556842910995741,-0.3636793475856961
-0.3125094191242018,0.1738311694226601,-0.05313533472740324,0.003017042737401503
,,
,,
0.6696653488451521,-0.1996669812220168,0.2074950183714009
0.1023840160816914,-0.1503185660634228,-0.425127753351246
0.2153454404709683,0.17766423427869,0.3200109921847773
0.0399143332883365,0.2104032231006484,0.02210183099569339
-0.04948283455473584,-0.2779426179205691,0.793937493429609
,,
,,
0.008549928704017983,-0.5917811299909703,-0.8770907851277183
-0.2516060932845694,-0.3926927289659405,-0.5587201236843573
0.3249693971222602,-1.424007567491864,-0.9668779226991429
-0.8711048813959338,-2.149664341191436,-2.213456497609296
4,4,4,3,3
,,,
,,,
-0.08133623270200047,-0.3257684955063557,0.1880262448617049,0.3166665027306821
-0.4885994624184106,0.433808636784026,-0.2194877688529038,-0.02073360145836288
-0.5600090706838807,-0.1896022058953151,-0.4631151344443364,-0.0881297903838424
-0.4600631501203068,0.6875348452200878,0.009673760044542594,0.360387587098963
0.263917372840246,0.3005276000670261,0.3842445294674519,-0.5446162141461384
,,,
,,,
0.305198657288589,0.6042896187819785,0.03359440505092852,0.47899739230532
-0.597739975720025,-0.04644590160854672,-0.2193243855766073,-0.3879317029944953
0.02943485012188591,0.6071352926539402,-0.6849163421954154,0.1185055821392736
0.150083870045545,0.1703412768094873,0.4017822746923063,-0.7533601533554396
0.5170498927643806,-0.3764614617477829,0.1613471698859609,-0.1154035731910578
,,
,,
-0.07790112492171222,0.1454566689987708,0.7965578328561188
-0.16785207920278,0.281572262315345,-0.1900417643893699
0.8199548637812341,0.09689682829829883,0.1865827036668756
-0.5409348584416748,0.3492722261857772,-0.5591596533630994
0.8486242778683081,0.9480340496422196,-0.2319311557978742
,,
,,
0.5108302379969424,-1.26480575229694,-0.8174123065783004
-0.4551323883493397,-1.781331962890831,-0.654936630218548
0.1049062378589838,-0.8749449295279548,-0.8542988668680153
-0.7116102688237582,-1.003101166938067,-2.184276941672686
4,4,4,3,3
,,,
,,,
0.3519870571381604,0.6074326502876108,-0.155075700013821,0.2744674932525356
0.6436991215913108,0.134860475931222,0.6399805631882957,0.5089267224425853
0.2770285206954168,0.5088082062907768,-0.2834454831532697,-0.3815492009679268
-0.08845519929612744,-0.07893645428482444,0.01939227224105663,-0.1491859929084001
0.0240204933757146,0.3343472813882937,0.5705187552767911,0.4009241516078554
,,,
,,,
-0.2566317754952235,-0.4161478996849366,-0.4320444796548468,-0.5461875440409267
0.1206136659057273,0.3991622642183595,0.2753583040175264,0.02685781940626469
0.5547834890377561,-0.5178402089388203,-0.2267130477276332,0.0187158872536831
0.2946548651098824,-0.4594821517352096,-0.3365155586951244,0.3004719797623527
-0.2867913300442853,0.1384378496029889,0.4813951031513143,-0.7366070461734303
,,
,,
0.7670453480214146,0.2724628483223943,0.2070548815310823
-0.1486845086670149,-0.5085112418035379,-0.3159875004746697
-0.08516296131768038,0.5036413639432877,0.7140698382583716
-0.5407969271340616,-0.0111922740962782,0.08871407300089659
1.133275510402905,0.1738927551635991,0.5553907721896136
,,
,,
-0.2512001542617099,-1.085121501287587,-1.631165015856338
0.2042123675242858,-0.5394983424446027,-1.171686957255964
-0.3306520706296027,-1.07234409821102,-1.255242628166004
-0.4055633269252114,-1.822970776733972,-0.9489692132011074
4,4,4,3,3
,,,
,,,
-0.4570514196244106,0.1315341170309399,-0.002178274637901148,-0.03978350244625824
-0.310887878492301,0.01984044222403467,-0.4190693982272869,0.3857040738764432
0.7029302096636003,0.3990162553066249,0.3415428329255158,0.6549511632643911
0.6733164241138885,0.1919617473688894,0.603996138678221,0.4276758888725999
0.1431581517694415,-0.3374152003816194,-0.6027397221507764,-0.3602607172250992
,,,
,,,
0.5302159382053543,-0.351021605227345,-0.6519586919985118,0.2911609625369578
0.1056865286216773,-0.2638306500584494,0.3774352667421238,-0.1154217339027157
-0.6688396063618527,-0.7736523494286073,-0.8102143791908245,0.6478993111802464
0.09868022921816615,0.2668322447110121,-0.357890608621833,0.4061569644338915
0.442007906608016,0.4230647176226749,-0.1496621068893936,-0.006900599970800309
,,
,,
-0.3823816266583276,0.1853827072812256,-0.03070862101381785
-0.1057849758492735,0.6064554260050605,-0.04173637952262831
0.7131071379696428,0.7962660783935811,-0.308401946338336
-0.3266528256173258,-0.02741967031159042,1.140135532009231
0.5977491236211667,-0.3741082678776003,0.839432724475076
,,
,,
-0.7795036541592347,-0.9590231647434101,-0.9350109346920763
-1.014902904142091,-0.7691831883302459,-0.2497333681422471
0.4464225824100803,-1.636402989246755,-1.693863291056624
-0.0321996181775893,-1.431951904424204,-1.687717289762191
4,4,4,3,3
,,,
,,,
0.2074462867634611,-0.5793481137343967,0.1258148244481599,-0.5841707259530998
-0.4374901466222703,0.5105447426639406,-0.4088779902441927,-0.66181654729924
-0.009315086225530783,0.3474389147923079,-0.5142463106745699,-0.03552543479273187
0.6300786996520334,-0.7261782122823647,0.1060121324323317,-0.3455983557725084
-0.01234340565506555,0.2206830123261065,-0.3206456580228101,0.01466664427631591
,,,
,,,
0.5268243067306372,0.4924624114172262,0.524161092578993,-0.2229808775895147
-0.1508023492728995,-0.6861696504345158,0.1684727922147382,0.0502202656867413
0.04657481617847882,0.1451201434947725,-0.4950335290534132,0.5967469566374087
0.2875894477789303,-0.1012876612228686,0.4901574121882875,-0.39860225495232
0.2311694950509864,-0.3761056109970406,-0.6163504081634815,0.7529634019188719
,,
,,
0.4158027523638597,0.6199331937154051,0.243190810875317
0.02091295137048747,0.6623699253821312,-0.1588252158145061
-0.2343042831853729,0.2752223434810951,0.03553458110678334
0.3571431700635852,0.04334885311891788,0.7774217023159081
0.0798795712511372,0.1861425867799689,0.06731819013484351
,,
,,
-0.5298689816918033,-0.8471498595963219,-1.151215632316785
0.6013667999113843,-1.2232658199187,-0.4649984374525732
-0.5400310833169338,-1.341471305198757,-1.148415611538299
-0.6394124671491855,-1.477436683721993,-1.94723473378032
4,4,4,3,3
,,,
,,,
-0.3338849733693333,0.4198686550878794,0.179746698972049,0.1306949646495358
-0.3882584885469433,-0.3658551348257782,0.239307446279472,-0.559404152182584
-0.380669828163244,-0.2678815321923411,0.4345916595661898,-0.07702956985294858
-0.245241696069864,0.3700930198824249,0.6265312273861022,-0.2087391511045241
-0.1286535984890833,0.5906654859764822,0.6753152630217111,0.2913258158392938
,,,
,,,
0.5858135541596776,-0.5744383166495467,-0.6292839630620758,-0.324107171729233
0.4320112259264642,0.2788230477520315,0.2149468213892011,-0.1370386743931806
0.3542493774453191,-0.2018416410757033,0.152950036674524,-0.4343505108192583
-0.5256879501117182,-0.4229822498582053,-0.514250449763397,-0.1918313067155607
0.6750400294488357,-0.03874851103579635,0.3670105262600101,-0.6541003494044386
,,
,,
-0.6101755315695696,0.3483715171119373,0.3420219481609464
-0.1169687016846138,0.1435778085326237,-0.3318144148626185
-0.3824376496196217,-0.07589493558601017,0.487774722648811
-0.4146849499789118,-0.3366317655450334,0.05192989365134256
-0.09041884445122803,-0.1585922225771901,0.1391999244158989
,,
,,
-0.03081905451604389,0.2032397123969047,-0.07070450362283293
-0.5920572851554935,-0.8443328651112297,0.2964757874570024
-0.6409543815836738,0.09292123179120947,-0.8139360258204447
0.02905832755650211,-0.3753821357480962,-0.3053788387723118
4,4,4,3,3
,,,
,,,
-0.2809134568229939,0.3566825056549051,0.192560038586051,0.2612544814601074
0.5962785597996101,0.08364468509551383,0.6616283063567668,-0.4481194926810491
-0.2697257040729232,0.1375996104868044,-0.1968685284316178,0.3334013022543564
-0.1536204931842144,-0.2985445702624792,-0.02605840270652225,0.1459780232400176
0.6763396439601653,-0.524840106180627,-0.6773780015344162,0.09102372131784296
,,,
,,,
-0.6863010422800568,0.6568205637828991,0.319819962592384,0.6692065665272176
0.2216506098437391,-0.1196087909238361,-0.5931291419116643,0.4041117891060272
-0.2790586644701599,0.07155077196153961,0.1193431226380385,0.6773540176406813
-0.5444207854115309,-0.2543873788867101,0.5657577373279521,0.5732415015993664
0.6118730324287061,-0.4035835410629636,0.2687015437832719,-0.4140714199189683
,,
,,
0.7153252909687063,0.3512601555060617,-0.3207303376247319
-0.0830506781938697,-0.2724277920364061,0.4491294325994379
-0.4250473605462046,0.2368440628480379,0.1501091739802557
0.6635663040903945,-0.1065127953768942,-0.1703744175357501
0.7266867896653727,0.4322446598825117,0.08405898218284046
,,
,,
-0.5558696333766877,-0.3049306115665772,-0.681983860905177
0.253035375481957,0.05310087878444486,0.1879667020488765
0.02155950991802395,-0.3857902634938559,-0.5266418297092563
-0.4307113965625307,-0.2871726749117607,-0.003054310766682944
4,4,4,3,3
,,,
,,,
-0.3377412731274532,0.0340152727744211,0.1859840909871773,0.4927516287527308
-0.4388322836899636,0.5115386836214764,-0.8905832184237286,-0.14041068315212
0.1025042302097528,-0.05670765752465372,0.477316092409262,-0.3536568953700636
0.1716823741360525,-0.181026587457661,0.4404398202048596,-0.6479508819258993
0.2747278109945911,0.4507575649933147,0.1370218902807792,-0.04029035406157193
,,,
,,,
-0.2667023752700077,-0.1149113530122056,-0.04538681133646457,0.5879708085642426
0.5029039365157264,-0.1302877413179033,0.5544233338919853,0.1687946580544204
0.8815204450297504,-0.370622794669807,-0.6026025631869548,0.06107054009005065
0.02646717189318076,-0.1992097732185565,0.09025035322864572,0.1270740997038358
-0.3388231594180456,-0.2452509059864745,0.580949801729247,-0.5170903836400571
,,
,,
0.1657551943556418,-0.3436070578312045,-0.6620666086643148
-0.2094392809720418,-0.1645651411472728,-0.007175145175377822
-0.4170610537816512,0.4708077473555639,0.495942696896352
0.674609135069274,0.5209336841615196,0.08582229958841363
0.6456233537391418,0.4026586740745404,-0.4716081293522158
,,
,,
-0.3005157144647053,-0.004354511542966909,-0.2891154566004303
-0.162146810545174,-0.392025264992607,-0.4404729818184213
0.7136884897429918,-0.4063487970800324,-0.6732670759259929
-0.634506271741321,-0.2812081023891643,0.03987633149640223
4,4,4,3,3
,,,
,,,
-0.005856971231721096,-0.6849646053953243,0.6333632474074588,0.2593770573222909
0.652378841030397,-0.2260306374247875,0.6187212664435954,-0.2943008933067452
-0.6486935237011192,0.4310248839694714,0.4734620871444473,-0.2296092968825776
-0.141886198014364,-0.6728008504684135,0.0879290733772959,-0.7788929451867553
-0.2131780887793201,-0.4260023801092213,-0.4169644704022059,0.2765122984648342
,,,
,,,
0.07737919579955754,-1.09464251663674,-0.5562934589445484,0.1088559272013412
-0.3496630715864195,-0.036327660868155,0.2335247157766915,0.3887381260705966
0.6601446469223543,-0.02638228170100358,-0.638426333690736,-0.2872762392713764
-0.0524444407820155,-0.733839865039425,-0.01717873152411508,-0.2706879988411708
-0.209782744060075,0.6650966152223305,-0.4054633129688281,0.4477826722115724
,,
,,
0.1497500798212381,0.4292087733063793,-0.5408850197428362
0.8420899502759458,-0.9857463236138823,-0.4101576145913043
-0.1746369460550475,0.003068950685844175,0.1278516910450446
-0.002185056404427452,0.2938534294072375,-0.0005440400722014331
0.02220228222206139,0.4808930064400803,0.4302669906783474
,,
,,
-0.6109879971481583,0.1416905560812271,0.155783519761804
0.5752916350492098,-0.6254424299176073,-0.5329775388020161
0.2118940412376158,-0.6716507303635263,0.14471940408036
-0.739758451660799,-0.07818422043451091,-0.5364994568984672
4,4,4,3,3
,,,
,,,
0.573250609266812,-0.2977677246134566,0.5881254989195942,-0.1337917101926556
-0.06089247744812783,0.283276125832475,-0.02952279889566693,-0.4879489283734519
0.3985245649737033,-0.4736674947578977,-0.6385884809411136,-0.04607590352777256
0.3059966405838392,0.2491984327457927,-0.3429576881148232,0.4215968476866751
0.1198393824102241,-0.1800338042298394,0.2789153064006304,-0.01919252873180726
,,,
,,,
-0.2818537111744998,-0.1045086525046619,-0.6745173551684033,0.5372043270302517
0.2442640509961545,0.3570406809546618,-0.07935451587967859,-0.3577107795087844
0.08467960868249749,0.6178053747243213,-0.5533927699086306,0.2007600322372793
-0.1492014937140374,0.235541323231101,-0.23899089407133,0.6339454398395503
-0.5550850157800776,0.2674567565693515,0.6070125326028012,0.178358601642189
,,
,,
0.3012811699844815,-0.6436293212221098,-0.2120604654553128
0.4437137078359459,-0.5019694875232223,0.1110758777497408
0.2090620062177627,-0.2319862602411112,0.6649595883405542
-0.3708006529042976,-0.6299392059653064,-0.2798259874430309
-0.003977384548109468,-0.4188681507550964,-0.1549241714434224
,,
,,
-0.317472688573988,-0.6867861980454586,-0.2939460715904248
0.0247932084767076,-0.02899791911247966,0.336890960175256
-0.5778432260698847,-0.8189584779444595,-0.3483857196748806
-0.246819411081486,0.08059464108801336,-0.4267234602328037
4,4,4,3,3
,,,
,,,
-0.2276853392779568,-0.3857798866636719,-0.4512152857259207,0.3892600476237355
0.9291760950751212,-0.1341246826065089,-0.6502399346094792,-0.815867603497056
-0.4501509625292407,0.820415480036527,0.1941938611450576,0.4926134543709688
-0.1459124389095048,0.6773024639813123,-0.6020579915993792,-0.3309752166021255
-0.320849723967146,-0.5558241574164496,-0.537727881497272,-0.554968494547957
,,,
,,,
-0.5987333238001136,0.3824536075554321,-0.6444099552338123,-1.045547787344862
-0.08050564007206824,0.4681769958205808,0.4279704451411904,0.9510579377797552
-0.6846828607980133,0.5134632665876854,0.01764726110721181,-0.2445434530880847
-0.1141857946957746,-0.1640338597059609,-0.065349062248188,0.7186847357496928
-0.004780640941551916,-0.3835227227919092,-0.6325102537757793,-0.4710795875850488
,,
,,
-0.05627511311902407,-0.2187183205838897,-0.3353532365480095
0.2442985570002696,-0.1065685282252808,0.3029285850531417
0.2139726043346765,-0.4595446090540878,-0.3293392627549734
0.9375379757136071,-1.048526087293372,0.5214288489268392
-0.2176746219587154,0.3600937126748799,0.5800163651869122
,,
,,
-0.8033077286138027,-0.1108990392558605,0.5927434709830574
0.6736393690441804,-0.7652745980663093,-0.8292997085204609
-0.9221398219503896,-0.6572181216649041,-0.6805002252751998
0.1973172827041912,0.1220809762866427,-0.2476973218375557
4,4,4,3,3
,,,
,,,
0.05165231771256056,0.4200689789529397,-0.06104479112342075,0.6615297343511771
-0.02321978563500103,-0.2073111917362201,-0.7423637525528547,-0.1901856897427217
0.06215706698749674,0.04107943081278546,0.7570316564934458,-0.7983897520595656
0.4230033064771059,-0.5357379926249747,0.264710515733465,-0.2696950278015056
-0.7070508207547677,-0.03697606324717872,-0.2780326719935198,-0.2432644204352866
,,,
,,,
0.2427263823380779,0.3520774850063826,0.106446000163451,0.1069204725204361
-0.6149346974023118,0.0835845715345937,0.2467645990357365,-0.6540585084419649
-0.1450407375617681,0.9553734009873079,0.6291202692064185,0.6407446047030291
-0.05548480371806444,-0.6695662455060434,0.5061003310360235,-0.8177411887315775
0.5881280886683106,-0.01309269377219449,0.2725782791910718,0.1196712365349439
,,
,,
0.5293183285888927,0.05920804605938134,-0.4238541252376831
-1.060796408315297,-0.3118907030518317,-0.1682321975254974
-0.2071716235312535,-0.08567876278430102,-0.6125151194293894
-0.8047626961447562,-0.5050065776211536,-0.4240873833362673
-0.2034435873884477,-0.03446731544998662,-0.4815717517110866
,,
,,
0.9858840689684514,0.2282963975169696,-1.089011062398881
0.1860057774094109,0.05477506116207891,-0.2658668053210638
-0.2387530090073337,0.1677627984616124,0.2682343021869052
-0.9174012945053873,-0.8150754988585794,-0.3696435446861446
4,4,4,3,3
,,,
,,,
0.6948351054966411,-0.07265111520034601,0.6260617683257629,0.3473033312662318
-0.1367525697674117,0.3715410744693347,0.1869976566456415,-0.5840570075211391
-0.3061050175300896,0.4298500839576443,0.01618173900460094,-0.06537848721288235
0.1410033857288972,-0.3610667413010611,0.4002829168556326,0.4269007052296301
0.6149076145059684,-0.4886143190450664,0.4403700279089262,-0.5342565799282649
,,,
,,,
0.4347255115942683,0.6195581158858054,0.5161112388459382,-0.4630267177477079
0.3315791453349066,-0.1952421333799945,-0.6474902151570802,0.06385687008295055
-0.3822526221878214,-0.0774848174036749,-0.04191402135416073,-0.3608049159624573
0.545984365662285,0.5279369066097431,0.6553809251179226,0.5263101698940875
-0.2226196423872613,-0.1591225142042681,-0.3313445247453499,0.5112685760873814
,,
,,
0.1854018987501295,-0.4660367123338274,0.5788042226661989
-0.0789091597816961,-0.1718358191945274,0.50005518910411
-0.5312694772129875,0.2419013240583366,0.3261475498421186
0.4666910616289409,0.3005760011451412,0.05159961950804532
-0.05224025969132751,0.413312311781329,-0.1973366055796751
,,
,,
-0.1137217437443984,-0.0713806132155828,-0.4054071800464029
0.1442909147836703,-0.1350046441974608,0.09927604836268608
-0.4426624241376479,-0.2788595315378433,0.006187860316923479
-0.4326458477943442,-0.3973080175836549,-0.5504281953368289
4,4,4,3,3
,,,
,,,
0.1467212757154742,-0.6891554167325442,-0.5781386463494855,0.4500353959997664
-0.5452985082872857,-0.4418510192201021,0.2274099564712252,-0.180292749729694
0.1308174059940795,0.06715476036450642,-0.02253159597130694,0.6087202020629987
0.6662082338742351,-0.6368826859294899,0.07159033195460822,-0.03854093147208247
-0.5532845411971909,0.652988286237653,0.2952346061851079,-0.2997344463681572
,,,
,,,
0.1284642446223347,-0.1545868751345938,0.1361225528659552,0.6366795095126699
-0.4510121547434985,0.2018268620458977,-0.03871031805896032,0.6901166741152491
-0.4469934045730511,0.3014174894171014,-0.5584024641456619,-0.2676262717379675
0.3089800112050343,0.08392083165618867,0.07309408279078773,-0.3042604609946183
-0.4818621625297409,0.4467827392510534,0.2546582308206976,0.6036974810219706
,,
,,
0.4557233518333708,-0.4701026660548738,-0.01344008961600463
-0.3857239506614599,-0.6700501023928382,0.5996483424822373
0.5491068350791871,-0.3502017006923175,0.3800191866194254
0.1810280924095833,0.6105692588077344,-0.5751530867995753
0.2735162482696937,-0.2115676432922269,-0.3197138006842428
,,
,,
-0.4786991998341064,0.49667935164583,-0.4727876284927663
-0.35290289884866,-0.5573582173460689,0.2565345461654218
0.07583376086273787,-0.2179277683049499,-0.3753952414918863
-0.2910376123711502,-0.7279212981665242,-0.2868453666905877
4,4,4,3,3
,,,
,,,
0.6502578008545242,-0.4882284653363071,-0.2273271026017343,0.6187446509852513
0.4242699112646759,-0.7255487760606248,-0.5005422910671739,0.533346084628107
-0.5599480226255176,0.1333621848384353,-0.0273659605544597,0.6406103170592828
0.7064703057998435,0.5498722070271574,-0.1288010695394668,-0.6988741491608056
-0.4905373796219554,0.03083768384312848,0.3328411221103479,0.4678923408386692
,,,
,,,
-0.3461506057014105,0.1885750722046029,-0.2073732955761282,0.1045594215729437
0.158397303904808,-0.678687664189961,0.5705238750675498,-0.6720122607389158
-0.4975793371586905,-0.2818051824046873,0.6403117636524328,-0.3119236109236375
-0.4262842286816765,0.6422560516303631,-0.1375605129386259,-0.2373607813688883
0.5718185218506902,-0.1932089709986597,-0.295263227259926,-0.3566085327492103
,,
,,
-0.5310639059653158,-0.2675626002201115,0.3087965195519642
0.3249414805626361,0.1854985853497013,0.5135908599738209
-0.6030748435320351,0.1469907055437987,0.5827587613123794
0.518901251785244,0.1883100659187301,0.426383849394075
0.1461903107728875,-0.1707458943361118,-0.6273057563692084
,,
,,
-0.5167517784825296,0.1312564106432594,0.01520141509598385
0.04549721040635384,-0.2579534388390274,-0.5746874414703393
-0.2878481469653041,0.3300620648492991,-0.166372518324406
-0.2855795405275755,-0.8185346689657157,-0.3289125317861006
4,4,4,3,3
,,,
,,,
-0.2276853392779568,-0.3857798866636719,-0.4512152857259207,0.3892600476237355
0.9291760950751212,-0.1341246826065089,-0.6502399346094792,-0.815867603497056
-0.4501509625292407,0.820415480036527,0.1941938611450576,0.4926134543709688
-0.1459124389095048,0.6773024639813123,-0.6020579915993792,-0.3309752166021255
-0.320849723967146,-0.5558241574164496,-0.537727881497272,-0.554968494547957
,,,
,,,
-0.5987333238001136,0.3824536075554321,-0.6444099552338123,-1.045547787344862
-0.08050564007206824,0.4681769958205808,0.4279704451411904,0.9510579377797552
-0.6846828607980133,0.5134632665876854,0.01764726110721181,-0.2445434530880847
-0.1141857946957746,-0.1640338597059609,-0.065349062248188,0.7186847357496928
-0.004780640941551916,-0.3835227227919092,-0.6325102537757793,-0.4710795875850488
,,
,,
-0.05627511311902407,-0.2187183205838897,-0.3353532365480095
0.2442985570002696,-0.1065685282252808,0.3029285850531417
0.2139726043346765,-0.4595446090540878,-0.3293392627549734
0.9375379757136071,-1.048526087293372,0.5214288489268392
-0.2176746219587154,0.3600937126748799,0.5800163651869122
,,
,,
-0.8033077286138027,-0.1108990392558605,0.5927434709830574
0.6736393690441804,-0.7652745980663093,-0.8292997085204609
-0.9221398219503896,-0.6572181216649041,-0.6805002252751998
0.1973172827041912,0.1220809762866427,-0.2476973218375557
4,4,4,3,3
,,,
,,,
0.1709707216934018,0.1635320065090878,0.491194971224401,0.5395556720072522
-1.160198837146682,1.209449882456616,0.2877813872590702,0.4567601092154757
1.035023164365539,-1.335012683622478,-1.394039078102996,0.3025768311716371
0.01258935999948879,-0.8085599734821277,-0.05270310389474017,-0.6115243533709787
-0.2702485600382004,-0.1787571493477679,0.4610662394278258,0.04615348905634926
,,,
,,,
0.8983245119658922,0.07655490279326541,-0.6223279140320628,1.582730817059477
-1.770617237316191,0.913526189375827,-0.1349313092477055,-1.853027735763471
-1.539167033393174,0.3116576921900825,0.3354921003221218,-0.7206820769074183
0.4781471257359868,-0.2988905422195735,0.7094089973753703,0.37699825748537
0.3591450699763029,0.0765805629986539,0.05024709217955416,-0.2548883575169694
,,
,,
1.128431145672552,-0.8279367649711761,-2.18259942195423
0.05880246524205682,-0.2876107595046468,1.231136812436229
-0.4815547897563109,0.6051760015553865,0.4146155359793437
1.582618185462482,0.004494292503691665,-2.104807776429302
-0.6521626078055272,0.6677923061869765,0.7851798459581407
,,
,,
-1.903669785071214,0.4679634871656122,0.7874297224537647
-0.3381418288822953,-0.4220885388176462,-1.200521140907075
2.815264010915268,-1.56613271091485,-1.560590659226406
-0.2506888682770316,-0.2121641524611756,0.1846442630149581
4,4,4,3,3
,,,
,,,
-0.549307131160509,0.06176149290602868,0.4479895956678605,-0.6814407816716712
0.6658740471667001,0.4160363754075198,-0.1288765899255523,0.5749194528973387
0.2596808705717626,-0.6320812814485073,-0.05350572321382121,0.5861187364120592
0.1317777106224683,-0.289925003754853,0.6429419951598372,0.2428583606083273
0.5978501306918015,0.5365935741694954,0.3298423107813075,0.5357353065014235
,,,
,,,
-0.5434282432319691,0.2814604988650742,-0.611598572511924,0.2750031786006421
0.6648884125035204,0.6380530956786092,0.4318611840271353,-0.5777649554172909
0.5123298981911349,-0.1733597133793011,0.1514894283513485,0.6611007026544665
0.3161743374335346,-0.5829801281390993,0.4139598521225667,-0.3551099993449081
0.2958962811350361,0.07060845224184469,-0.6627715625019656,-0.5541567093000618
,,
,,
0.5901815001761875,0.005992838762321048,-0.0567676671443941
0.7661103363496177,-0.6316145535673349,-0.4630455602261443
-0.3451800382481217,0.07549770656700217,-0.4080551165916981
-0.8023105870721826,-0.4897458245921459,-0.06547063873278372
-0.2245214691143411,-0.08434703565935692,-0.02589190963973039
,,
,,
0.2913191313372926,-0.04219908622104756,-0.9601771083851129
-0.364661628003508,0.3528963788417812,0.04025918400660205
-0.8710255624774812,-0.01619063553926047,-0.1915369356420057
-0.4174914292933178,-0.7831578548208545,-0.0903012760780343
4,4,4,3,3
,,,
,,,
-0.07225530093609234,0.4637549110497738,-0.2812165300537732,0.09755452460459103
-0.4205037622621411,-0.3114264595254285,0.3313585091708471,-0.1632259586723852
0.6011754906917618,-0.08306612314505128,-0.2338648128684607,0.7043670027815676
-0.3829232051780619,0.6361310838530423,-0.4060325670355696,0.03753199396943275
-0.2162119185872406,0.6005409569231922,0.2511428537486877,0.2780548865849864
,,,
,,,
-0.5780981657785254,0.2274350384072032,-0.1566843245049081,0.09103630340522474
0.08344062660642029,0.5347519079017494,-0.4314568392818093,0.4625767776420882
0.685775969651216,-0.3049767072052449,0.2376319505214362,-0.321610987704823
0.3130127569749652,0.627940184475137,-0.1636427396138035,-0.1726027831521248
0.6664662298918486,-0.3624574294340157,0.06809028664138864,-0.3120226166924669
,,
,,
0.5276324118727267,-0.2780226502065623,-0.5387903261077491
0.04010485948613766,0.2750851915059134,-0.5186774191528647
-0.3908534812954694,0.6978361676483081,-0.5190004351860242
-0.02199231054624513,-0.1587514916575866,0.5295251177438088
-0.5750366820863704,-0.2602615686991691,-0.4590391960863612
,,
,,
-0.2377022601663986,-0.3296029659268459,-0.2750530107400148
0.04792446845089383,-0.0496334138083498,0.04791313248218636
-0.03002434122838284,-0.3035216845945355,0.2878322124867071
-0.5988850285951839,-0.480089962925858,-0.6593432552870436
4,4,4,3,3
,,,
,,,
0.2052311110276862,0.4824406106570657,-0.5404991246407344,-0.6754832338487936
-0.6598829514527395,0.3530905250555377,0.1216917080228013,0.2927008909554406
0.460379413124588,-0.2689741024440905,-0.1430706431017741,-0.1989192085594624
0.08667332836059259,-0.07981599731359819,0.08843633515063895,0.01778758636453947
0.525572969944139,0.3322690346190805,-0.1987890948418705,-0.06459853053119807
,,,
,,,
-0.3367988940343905,-0.4558837388757258,-0.5559695998871853,0.04085175598908457
-0.02096431231164504,-0.02364238352178252,-0.5641217921509128,-0.1583683973859385
-0.4033056352880321,0.6936509985226634,-0.05750652445899577,0.631992915690486
-0.1108662371530686,0.3257884536069283,-0.4806777453239027,-0.07574237608413026
-0.2560668696575044,-0.07462487621739604,-0.1802773751649719,0.3295925834815708
,,
,,
0.1665817928977165,0.691199546673984,-0.676549474568396
-0.3869637647766324,0.3526778408374828,0.1542294800399948
-0.468185038771989,0.3616522224162315,0.5473714187039936
-0.3361247953662352,0.1151575913762578,0.5395386552757631
-0.09641988297918802,0.6766332094288028,-0.0581364377425325
,,
,,
-0.5765714725828091,0.2338881674472958,-0.6902058043746045
-0.1364469848638682,-0.2591529418319964,-0.4869445906920011
-0.1607463125536771,0.154045354844645,0.3141717300947077
-0.1030853980360569,-0.6555785297962685,-0.4259024734849968
4,4,4,3,3
,,,
,,,
0.6454109856873,0.6430191066502,-0.4742859305159354,0.09420454433977249
0.2715585537006309,0.2006891753049767,0.6104793770148431,-0.4517645345105051
-0.4323223070695229,0.1640858794704258,0.2429330923931488,0.1887981092486724
0.5563246566496234,0.5670211200198433,-0.4260723502762087,0.4755855659311064
0.1906901792210106,0.1455393247612979,0.002304495288563282,0.1294166067776079
,,,
,,,
-0.1380132469913452,-0.3217078307365191,0.05850008365328435,0.5947911117840076
0.4571881410439075,-0.1468665678153122,-0.6148985398714626,-0.431864290073189
-0.225397437302,-0.4822565496144566,-0.181420321469511,-0.2754049604304267
0.07791913332301696,0.01610229222318473,0.4912561588658819,0.5915040267607049
-0.1050931610071341,-0.3800667443116699,-0.2061684186778504,-0.1446479894519671
,,
,,
-0.6571174198039036,0.3427289782824978,0.2783580273649223
0.2186046464825813,0.1485914551267639,-0.07436981068894509
-0.02342795457042383,0.6432086553702462,0.3615578816334692
-0.7181708181275541,-0.1150659075676718,0.7499110901006545
0.002152915661600511,-0.6332795368204869,0.098429104911265
,,
,,
0.1719077759879273,-0.2356112189092474,-0.7720587131291806
0.07065864775926368,-0.2782843741510577,0.1423188216119468
-0.5105116859468924,-0.06613533588306678,0.1793571815879489
-0.4547973974689423,-0.4679212021910613,-0.5742610578015078
4,4,4,3,3
,,,
,,,
-0.5202553415079129,-0.2279568080244763,0.116406822351999,-0.3290680145266228
-0.655267553542043,0.0245847588305068,-0.3659669410763876,0.2295350243464945
0.7347762078904787,-0.03541606246055882,-0.6497388056560619,0.05390793043251865
-0.02433864280581307,0.2336657126215175,-0.4184781097367327,-0.54461254993171
0.2774937972070489,-0.6827115555995681,-0.3021335942650661,0.4190848805569354
,,,
,,,
-0.6833299749116943,-0.4787496721344649,0.1752741572596522,-0.5938893561086414
-0.1953135067419701,-0.4523918000593593,-0.2858545053850457,-0.2044804889959174
0.2014362962695657,-0.6735505806847035,0.3120141153036363,-0.1241937614192281
0.2994342151141415,-0.05372199567255611,-0.6746368465207999,-0.550493364598461
-0.4660238582836995,0.6241143496921127,0.04296135779405066,-0.1753259136782193
,,
,,
0.3454202987131822,-0.1410813344494322,-0.08724652115861603
-0.1613374744434742,-0.6892371715181669,0.4548028196554225
0.710684961402633,0.1358317188206716,-0.5322465742481077
-0.3958852517786684,0.08588700530229873,0.1191734400144164
-0.3423839448339649,-0.2304166020457952,0.6412522948914688
,,
,,
-0.5131508737419997,0.2245113467084284,-0.5827328477240684
-0.05235329571425846,-0.5031287368010354,0.2149645790685818
-0.2477132140412639,-0.007495141452113079,-0.7779082034760585
-0.2258884650083156,-0.5380136412372468,-0.1056584189784222
4,4,4,3,3
,,,
,,,
-0.02029137198028013,-0.3666383355564223,0.1774235116835993,0.3460262506469682
0.5385190977335272,0.8231890144694729,0.2896207439578414,0.2452142753977489
-0.3525182472574664,-0.004791896229457707,0.2743082350673661,-0.6781317465777039
-0.3463923872493287,-0.6557503886711442,0.6412959651264615,-0.494530546360889
-0.5790005568749758,-0.5326162626434382,-0.3613274310565428,-0.5963707526335966
,,,
,,,
-0.1082854165482577,-0.07973884824116211,-0.2503058314098841,0.7531188773383084
0.1547516159140846,-0.3579842440423006,0.381362562101056,0.7097921044802169
0.1133878739286488,-0.1702661363809553,-0.1080189996705185,-0.4557728602275534
-0.5490428132062662,-0.5676875566249299,0.4241413651028931,0.564554499691712
0.1156177917158978,0.6287516495156944,0.5186201949363675,-0.2251573852011246
,,
,,
0.3045214115492749,-0.1234087617859612,0.3598716112936732
-0.4459663556331349,0.6595711925441929,0.3983524395822802
0.05421149836011527,-0.5101991725597922,0.370951598605154
-0.5157113087724446,-0.9987556638248501,0.08673091380340013
0.2159603151165042,0.09168643263479276,-0.5591753417404226
,,
,,
-0.1154500390537333,-0.1831868290901213,0.4328159951310481
-0.9887213438752722,0.2684946913833332,0.04878619446364577
-0.3083241945778261,0.19211077351303,-0.05969840636389363
-0.1764169386385383,-0.6602648145121343,-0.9267582381283785
4,4,4,3,3
,,,
,,,
-0.03467347135660761,0.5501889262333148,-0.1604198419486582,0.4212191194328654
0.6280980029536521,0.07870520780375546,0.4557409549265997,0.05674766590213922
0.4045394531554848,0.5361000728984293,-0.4256593763178383,-0.5832862051988792
0.396493660749856,0.01011946733428443,-0.3422236325754382,-0.7425942724635231
0.04810470434566794,0.3632799450780892,0.6278027107824204,-0.1318639266270388
,,,
,,,
-0.106011144406119,-0.2309102661733463,-0.3998055359391419,0.5717624860860387
-0.3737740126451348,0.4852698602719087,0.07716513927417298,0.6335131808160486
-0.2824876950369677,-0.653933766348003,-0.7841183094502197,-0.2082864076955745
0.4530328607568382,-0.5605171835793437,-0.3651549823979373,0.4788560714879018
-0.1878957329115248,-0.5226292225296321,0.0640825014611099,0.2341464732647983
,,
,,
-0.08675287227657701,-0.08036656628239613,0.01905696332927641
-0.7587185192406858,0.2679819842984919,-0.09881577030049064
0.2519126302161967,0.7961180162663157,-0.3435724627288715
0.6532251344444556,-0.1290586360879393,0.4213557431861513
0.1274390117199944,-0.1550340721214996,-0.01348712964009708
,,
,,
-0.01603432976169117,0.3724921589575769,-0.9793927288887285
-0.8109090061350971,0.348090040118921,0.3887876345340847
0.1796399654259901,-0.3347794808130047,-0.4992755744403508
-0.4080006172293809,-0.9071093935359358,0.03349032241116396
4,4,4,3,3
,,,
,,,
0.6475204960419412,-0.6695772664065953,-0.2213442056467241,-0.2576093636989083
-0.1490270122249075,0.2283458277204295,0.3548652184602326,-0.3813872068462506
0.616266607596947,-0.5702860262094173,-0.3607068885267086,0.1615572811205158
0.5194877318887966,0.4888123553721659,-0.134175622839533,-0.2052256754714178
-0.216980199635328,-0.4341861305718208,-0.01626057979537935,-0.1941981213071443
,,,
,,,
-0.2790559220779122,-0.602718612124758,-0.595646053955395,0.5213965447925911
0.4961861504217012,-0.1119451544750662,-0.6166078247432946,0.02580543780664817
0.1058388187285744,-0.09090122239973888,-0.4594315379013878,-0.1191887888945123
0.1242306396349742,0.6444636695150465,-0.2186541828048694,-0.688096816038682
0.02445275135568688,-0.5952112709779507,-0.4716881172368271,0.6195821872191108
,,
,,
-0.5747724167028762,-0.532737650828669,0.2812378142257931
-0.5407437491856594,-0.5625179078488645,-0.4160666225542097
0.01083698370588274,-0.7186183874560703,-0.4299920469245244
0.3965396248692283,0.2682921139879587,-0.3962290762404002
0.6058306346353092,0.1148898368354599,-0.2721471630199278
,,
,,
-0.3850997796450573,-0.4510769922500927,-0.1920903381859158
0.4552163318436722,-0.1278852633886864,0.2769488072135897
0.5830409321657235,0.4556155083917164,0.0288406531916318
-0.8082512350593801,-0.5339921321797059,-0.7285959455392989
4,4,4,3,3
,,,
,,,
-0.5872951358440675,0.04806221236136428,-0.3529710598063602,-0.3143097539231672
-0.394641583671245,0.9343124949824446,-0.5963834864732667,-0.4328015765773915
1.131551861656718,-0.8991901862595548,1.13080605581166,0.8417638555460164
0.8879944939292224,-0.468660756342375,0.7744500203839121,0.5930729536357787
0.2237102019174738,0.02149710583450818,-0.2967035677823847,-0.03637426380123285
,,,
,,,
-1.367883250076899,0.6213834427556603,-1.113485851897383,0.1143687282950736
1.494559158082028,-0.5525558092849092,1.18231399391027,-0.2211689385399604
-1.127611510281785,1.178031676445293,-0.4153564916875492,-0.6939096997261277
-0.6972334874702731,0.0749985283184728,-0.388945625111264,-0.7825426319570313
0.4966349543671915,-0.4760088333952045,0.04724120482866598,-0.3056611160282696
,,
,,
-1.839661535158572,-0.7314239123889872,1.826462674139361
0.9945879875595659,0.3227303720924618,-1.191522109800597
-1.140808752132119,-0.3447805106183092,1.097322212206274
-0.8900311954690676,-0.4821755493621494,-0.2887042455916383
0.8024497962918654,-0.5242749292180349,-0.3548887760524204
,,
,,
-2.555259806412561,0.3056576891109715,0.6365265250164804
-1.10169375471319,0.4524193994248494,-0.01711705539354232
1.952803296516572,-0.6755540835690934,-1.213993961539926
0.1223263986635373,-0.623863942482204,-0.3734738455309155
4,4,4,3,3
,,,
,,,
0.1709707216934018,0.1635320065090878,0.491194971224401,0.5395556720072522
-1.160198837146682,1.209449882456616,0.2877813872590702,0.4567601092154757
1.035023164365539,-1.335012683622478,-1.394039078102996,0.3025768311716371
0.01258935999948879,-0.8085599734821277,-0.05270310389474017,-0.6115243533709787
-0.2702485600382004,-0.1787571493477679,0.4610662394278258,0.04615348905634926
,,,
,,,
0.8983245119658922,0.07655490279326541,-0.6223279140320628,1.582730817059477
-1.770617237316191,0.913526189375827,-0.1349313092477055,-1.853027735763471
-1.539167033393174,0.3116576921900825,0.3354921003221218,-0.7206820769074183
0.4781471257359868,-0.2988905422195735,0.7094089973753703,0.37699825748537
0.3591450699763029,0.0765805629986539,0.05024709217955416,-0.2548883575169694
,,
,,
1.128431145672552,-0.8279367649711761,-2.18259942195423
0.05880246524205682,-0.2876107595046468,1.231136812436229
-0.4815547897563109,0.6051760015553865,0.4146155359793437
1.582618185462482,0.004494292503691665,-2.104807776429302
-0.6521626078055272,0.6677923061869765,0.7851798459581407
,,
,,
-1.903669785071214,0.4679634871656122,0.7874297224537647
-0.3381418288822953,-0.4220885388176462,-1.200521140907075
2.815264010915268,-1.56613271091485,-1.560590659226406
-0.2506888682770316,-0.2121641524611756,0.1846442630149581
4,4,4,3,3
,,,
,,,
0.5525832354000891,0.6478121320958365,0.6212431707246632,-0.6141517920220954
-0.3337714376336819,0.5850246185414648,0.5513336217056219,0.2316598864887293
-0.1004185817313773,0.5756601110462608,0.2100534314660148,-0.5960696449832287
-0.5736605960260858,0.6663753346351028,-0.09112654939381527,-0.2601586664720056
-0.3463070648303152,-0.2765906940346471,-0.3967890415349958,0.02857630287311707
,,,
,,,
-0.08971450949136944,0.6147515140966381,-0.1022231953281988,0.268620431945635
-0.4469940898201291,0.5488427035463072,0.1195212539661849,0.4723226132486867
0.09215045587113245,-0.1716480317652791,0.359654875567848,0.6687194672418462
0.4783111920360356,-0.5656089429819552,-0.4750910596706948,0.2154469887820353
-0.4146048332472229,-0.3693440817388172,0.252654910180859,-0.2286352695597301
,,
,,
-0.5676984336907228,0.7000615391705988,-0.364635169884362
-0.5350155598582121,-0.6633328556054408,-0.2563642139859293
0.2378078942412921,-0.06234308801791014,-0.05908745302010159
0.5911008763426591,0.379224179049763,0.04731040572561458
0.1988223380268819,0.6464609965466739,0.525974300853244
,,
,,
0.1457475962433671,-0.6320806278249431,-0.3217815766095225
-0.4932987256185935,-0.331687304905369,-0.2242262949405224
0.09433200478326811,0.07500337786144323,-0.3599608963505369
-0.4560234025420352,-0.2412982613835066,-0.110469120314277
4,4,4,3,3
,,,
,,,
-0.3174540006490179,0.2136262849630491,0.4864944076269598,-0.5615261766324912
0.02873474294928397,0.04068812393748402,-0.03888485010738101,-0.3571412029759855
0.3833204648862541,-0.6404904285333786,-0.4889290983977558,-0.001165241597254866
-0.4859281143131688,-0.670968642578776,0.3064851846154097,0.1176115425590269
-0.4809381883638713,0.1619564132854852,-0.3791516791116673,-0.6867636338223375
,,,
,,,
0.08281155930638998,0.4501139303400383,0.6006739650676158,0.4292362006149384
-0.3376101520994474,-0.2985046586961912,-0.54221147826321,0.07693854533248683
0.5324841044980575,-0.2921842937732905,-0.01162005946122621,0.1874231499313444
0.317549962955737,-0.1451898817266972,-0.4689597395152191,0.6410664631371752
0.4983279297233171,-0.5143541289056612,-0.4412654421164627,-0.223957680169467
,,
,,
-0.6510278874393165,-0.07636457452851257,-0.0225500119263981
0.01469891770609591,-0.5424545299343076,0.3552576676928327
-0.7221176831904838,0.5701162486315793,0.2605777325436111
-0.6029390079966277,0.4521040812229244,0.5059234514659294
-0.3592102855019878,0.05223033416829486,0.3094109426955824
,,
,,
0.4197476151984893,-0.2802134184330958,0.4487948833208517
-0.1156318207104825,-0.1413533319473569,0.1576968938034873
-0.1223838104331357,0.2502582669172065,-0.4451144469350917
-0.684461204051889,-0.7157177063294161,-0.5237292002004403
4,4,4,3,3
,,,
,,,
-0.1886064162682642,-0.05695199528349892,-0.2216576262025374,0.4007838475053183
-0.5426703640770338,0.494417077195799,-0.4979140758958443,0.5462151201798767
-0.3567956053137338,-0.6493706590366,-0.3090305277976497,0.5206616600888051
0.6651043946296294,-0.02117852865039403,-0.1546700325008774,-0.05629095369896286
0.3081111464571721,0.04658449026016419,0.1345341354683377,0.6157449746430443
,,,
,,,
-0.5448783202828837,0.0741098068258418,-0.002897159091226374,-0.4753772714816989
-0.6095036941030245,-0.1971733819004227,-0.1269656023061168,-0.5429550942953505
0.2378188060380209,-0.4149915088781875,0.4778625969883719,-0.3009005423527062
0.6989698995350309,-0.2886149763950707,-0.3340791860628593,-0.07308752400399217
-0.3415252386532192,0.1554585859760936,-0.03098063858821188,0.44758000749918
,,
,,
0.1447079692865804,-0.5095983139932069,-0.7123747886837596
-0.09903266580368295,-0.4171853778328779,0.3054484289827104
-0.1545781310714906,0.1674787224673167,-0.1967668278270089
0.623644075822047,-0.157517738213619,-0.1252322480144713
-0.1456440448097759,0.6142130398360255,-0.408609072981085
,,
,,
-0.5204593054404082,0.3887480790201197,-0.0660746355863015
-0.3271778849791208,-0.7295559546341689,-0.7850685467961498
-0.01040074403707398,-0.1688665785843427,-0.01758077761737283
-0.219731098846096,-0.4824436782394116,-0.221140984451192
4,4,4,3,3
,,,
,,,
0.7491779188803953,0.34989403213238,-0.5243190538314428,-0.0337553991736538
0.1709023568731601,0.2404616583972587,0.8420709190533097,-0.6416014184661056
-0.2948743410617822,0.2868632972984129,-0.2930559377283857,-0.6000453223913388
-0.1859902646984935,0.488314633013217,0.1294727884000702,0.4443528564228413
-0.4207774718315007,0.02955447686883232,0.6294380912002017,-0.1993428054908062
,,,
,,,
-0.2784437182931117,0.3723226393611574,-0.3860260263102849,0.5913136761556974
-0.3646359083175099,0.6169616590833592,-0.5112102686940795,0.2397118593657278
0.5740728863711193,-0.3339132812379466,0.4416379553163151,-0.6758914789563899
-0.6996111147953759,-0.4410014002046363,-0.416694848954736,-0.2532072364216835
-0.687681123807489,0.3434603863452015,-0.6434324704815402,-0.6375674347096383
,,
,,
0.1789382969811437,-0.4865975713078856,-0.1224374151765891
-0.1222854486618667,0.2521372797295861,-0.2683922307892211
0.3660260235073672,0.2518815137671824,-0.2542754335323601
-0.381670639162605,-0.4169099603861878,0.4280669548427335
0.5131895853211984,-0.1150449594966971,0.2815040026269107
,,
,,
0.009623025031547284,-0.7075219739070437,-0.7184230005673691
-0.1481327396055844,-0.1334034586245069,-0.782726582648046
-0.3907818298040348,0.0002062090008751129,0.4829134230829396
-0.2403413020460456,-0.2044956786306651,-0.3752615701514788
4,4,4,3,3
,,,
,,,
0.272763255677915,0.0408035136535124,0.327881267564996,-0.1515062488904847
0.3558271438320844,-0.4946343957944755,0.3119166273027498,-0.1428470310650888
0.03528277444568114,0.2220618450383929,0.4717367633712955,0.6944214336999817
-0.6248229127131527,0.2310925361272984,0.1171754909138513,-0.2707137296840499
0.4615971849353646,-0.1899750532580063,0.2092934061327068,-0.03525237112213014
,,,
,,,
0.012944651699329,0.02861865304872942,0.1741359225497875,-0.2569564413190144
-0.02216041632998107,-0.3095536499949318,-0.5398663976099312,-0.4975589238205778
-0.6436968438423809,0.134951307364676,-0.671573613205666,-0.5642191061683351
-0.1380252383233966,-0.3476157048386877,-0.1977491587046246,0.8076464634718938
-0.527327369456063,-0.01478609463178259,0.5137770102153475,0.6603147987735442
,,
,,
0.4405221698091729,0.3149238764710728,0.01791043455614202
-0.1559962572237371,0.007090465050718581,0.4914648001821306
0.5529611314421348,-0.2249444517626578,0.4174566337988169
-0.7166194114865975,0.5026966028105806,-0.5886561481283353
-0.3302499968661795,-0.6714689306803819,-0.2742484237247907
,,
,,
0.2989033720136914,-0.04472053345105655,0.4852855000115009
0.08520188392344792,0.4501411129938889,0.3191264710145973
0.2087765709212995,-0.5701846490683948,-0.5348540384861432
-0.9483098063324129,-0.6227835132786607,-0.7265821237438044
4,4,4,3,3
,,,
,,,
-0.1414597875388383,-0.5174916865000766,-0.3565636977982214,-0.1518682585214202
-0.2720584161163628,-0.5667860601520518,-0.1764380391272971,0.9951723936690355
-0.2322163565178207,-0.3535930226952989,1.062129658669646,-0.7572884269853078
0.1409153782151697,-0.3556273393124175,-0.0787391724716362,0.06186159155403584
0.100921089147406,0.2843841075089582,-0.6021155022336324,-0.1008835161621017
,,,
,,,
0.5404398102654568,0.06702918855863685,-0.231344013363205,0.08100412449182628
-0.2828125015510333,-0.5141439711563814,0.4571487151734181,0.2154070487521428
0.7418428917284966,0.8734600227101044,-0.08936465335542647,0.9516817357478388
-0.08694211231756173,-0.6961009205350304,0.8581829308314655,-1.107526200600768
0.5263718838195576,-0.3980211285747452,0.212984229886644,0.3337396927969583
,,
,,
-0.04418333585560984,0.2082022101259439,0.694581729022857
-0.8985342757174829,-0.3246849950705123,0.2781490532545012
0.7510257448428955,-0.5796706293316721,-0.04240349448060599
-0.9710387072196206,0.4777290238513504,0.5239625273338997
-0.1407065503119909,0.3767645415334004,-0.5418272339255256
,,
,,
1.176271951883276,-1.001068912899009,-0.5504917221575799
-0.6624819550674755,-0.05318276803258788,-0.1332269359627504
-0.70955946455598,-0.3389617716170956,-0.005751419791059244
-0.1782873990745576,-0.04859425615017076,-0.5442311038747006
4,4,4,3,3
,,,
,,,
-0.428015502654031,0.02747915951120185,-0.1982190650503717,0.590397714058301
-0.5376682176480305,-0.06810579539191676,0.3532578903648202,0.5441151546589037
0.6083877783603285,0.5035849624549269,-0.5716463561036459,0.3687070809322449
-0.4078939264798989,-0.6929077265394304,0.1106534797327379,-0.1357507218149069
-0.5862470942334573,0.3785771737630157,0.5106183448596763,0.3453060190878812
,,,
,,,
0.3657050174224576,-0.08401203062575605,0.4499846502705858,-0.4040174387775893
0.3090140982972273,0.3053825191744672,-0.3922199593965238,0.2574300968382107
0.1776414098474211,0.5049106945677961,-0.4895986384213503,-0.4627317635134978
0.1492946384246767,0.3767430628036951,0.5184225963671302,-0.485936515950269
-0.4102160743811574,-0.5616110254567924,-0.6587983468383004,0.4734526241940725
,,
,,
-0.3762471917061344,0.3453524230915836,-0.4259616104074315
-0.1328851657495643,0.1207610472912915,0.1999794445718058
-0.4841603316956566,0.3403174319974148,0.07534973569742329
0.4836769394933006,-0.07683427218143413,0.1586532602374223
0.679448789564974,-0.3532184586117914,-0.04177123302353297
,,
,,
-0.1102786047641854,-0.2533333912661562,-0.4354253076944494
-0.1067141673351486,0.005856947498387399,-0.1711872791128099
-0.3283320662092691,0.3668865131750312,-0.3875085756947489
-0.5034922866961028,-0.5759611784035574,-0.2053817243490115
4,4,4,3,3
,,,
,,,
0.2978440123469527,0.4760978184753736,0.6336796468699505,0.5597260604465253
0.3314739172644852,0.7144959723970175,0.1612034347561546,0.0924262477571855
-0.701190123549128,-1.417295229445725,-0.2750003763638039,0.4950423995949527
-0.9658286739217915,-0.16629084511395,0.42263862671227,-0.1440043939139351
0.02738097747901545,-0.6317313135653904,-0.6111306069154526,0.5883867604250194
,,,
,,,
-0.4697096248146311,-0.9530450916192729,0.8967299435878966,-0.3695093959079129
-0.6390776996388901,-1.210655453019057,0.9962949506049887,-0.9134237111968515
-0.1857477183316474,0.3474264679534745,-0.4276357547017616,0.1371497728677031
-0.425123054101526,0.2455974130320073,-0.1765489540290242,0.07074784177312395
0.01234772255568292,-0.01182633874458766,0.07772177982741464,-0.1761286127207287
,,
,,
-0.04863370752538685,-0.03819520322817833,0.8987974797862686
-0.2299056295867361,-1.185293350567902,1.09311558325718
-0.7721565651861956,0.7826232991091092,-1.037829462697607
0.2642289995134561,-1.154545350136409,-0.1619453853709762
-0.3134089476123523,0.4109310187253188,0.1494198341244889
,,
,,
-0.5966978642385105,0.3825546924361011,-0.3766386115868857
1.281923651226868,-0.9118971932565956,-1.141368204666986
-1.052817717006135,0.6929352991367245,0.8912802853685563
-0.4417917699691886,-0.7568505896640151,-0.4643361989259798
4,4,4,3,3
,,,
,,,
0.02264556721570194,0.2950704159304324,0.2101922417380429,0.3384328441705255
0.2859581354001284,0.5449041790445214,0.06555571314070759,0.08431211053852715
-0.04715137004180769,-0.1099098770867553,-0.08137037440482355,0.2669797252583502
0.6500325825754202,-0.02157152781391825,-0.4507015725442255,-0.2206890299580717
0.1250660312396707,0.325015537053658,-0.5926274340165978,-0.2488003505011302
,,,
,,,
0.5131140616551191,0.3623454672195059,-0.4410002958150752,0.2043786925541528
0.3992991017734097,0.1918061299365318,0.4917074465294666,-0.5289180920798051
-0.07270210899437519,0.5783599128589355,0.428362807073487,-0.4866253656785222
0.3800014670914222,0.3544049758263051,-0.3584873621112764,-0.5081261013791307
0.2555623886184054,0.6196377265154451,-0.2679008651727299,-0.352864737752417
,,
,,
-0.08564847079838921,-0.1580926918275922,-0.774998226519006
0.5845638011174444,-0.4784236903936079,-0.2965362253759604
-0.143901892334597,0.4242080003813711,0.2985044186465066
-0.3830747710965822,-0.4866070912196014,-0.07593136637674003
0.6292174779964196,0.1560146619020357,0.090616731671504
,,
,,
-0.04852630319952247,-0.1697641859846221,0.2452595006033101
0.3954086782040963,-0.4534954992609248,-0.6466959257073605
0.5253006204822667,0.2434071022091892,-0.6581872392839954
-0.9575805066596816,-0.4829580560475236,-0.3919592989939308
4,4,4,3,3
,,,
,,,
0.6649758105084687,0.02748188753253026,-0.6158770523881305,-0.3093827337625069
0.4281928335480055,-0.5876836985693695,0.4723741626029597,-0.2665520935628734
0.2233937890403015,0.4104166108305393,0.4818600520052605,0.3042490098914144
0.2597306302662628,-0.2434523058314528,-0.673551905231921,0.334651800142747
0.06660663835220862,0.5781166644560433,0.1082402816595641,-0.6196074772017918
,,,
,,,
-0.3238055131991242,0.2160498814608698,-0.5765279875121878,-0.2517554237740917
-0.4270594851005683,-0.2513323635340052,-0.07727665040881941,-0.05085125080372067
0.310923794007297,-0.06039682613273958,0.1603743770936661,0.1346699317089704
0.5120718711968878,-0.1041581372408187,0.6251441190310422,-0.3894234531687893
-0.3785522377269709,-0.3363003152325777,0.4570191872120407,-0.5868954345756594
,,
,,
0.4289676952479393,-0.7212135971764153,0.07931188223099447
-0.02771215584167175,-0.3998708991160318,0.5136422425567292
-0.1535980342441151,0.3272072335676581,-0.04323494777672874
0.6616110288619964,-0.6451522680877307,0.2560869750334396
-0.1027872041874936,-0.3529745386483249,0.1406406958427748
,,
,,
-0.4916629136073527,0.005212306939209562,-0.1151814192723827
-0.221238117078992,0.2735162157741113,0.3043590441099167
0.08084388947413645,-0.004382778375197036,-1.061062515623715
-0.4085053980805216,-0.7795162482428106,-0.08163693949113919
4,4,4,3,3
,,,
,,,
0.2978440123469527,0.4760978184753736,0.6336796468699505,0.5597260604465253
0.3314739172644852,0.7144959723970175,0.1612034347561546,0.0924262477571855
-0.701190123549128,-1.417295229445725,-0.2750003763638039,0.4950423995949527
-0.9658286739217915,-0.16629084511395,0.42263862671227,-0.1440043939139351
0.02738097747901545,-0.6317313135653904,-0.6111306069154526,0.5883867604250194
,,,
,,,
-0.4697096248146311,-0.9530450916192729,0.8967299435878966,-0.3695093959079129
-0.6390776996388901,-1.210655453019057,0.9962949506049887,-0.9134237111968515
-0.1857477183316474,0.3474264679534745,-0.4276357547017616,0.1371497728677031
-0.425123054101526,0.2455974130320073,-0.1765489540290242,0.07074784177312395
0.01234772255568292,-0.01182633874458766,0.07772177982741464,-0.1761286127207287
,,
,,
-0.04863370752538685,-0.03819520322817833,0.8987974797862686
-0.2299056295867361,-1.185293350567902,1.09311558325718
-0.7721565651861956,0.7826232991091092,-1.037829462697607
0.2642289995134561,-1.154545350136409,-0.1619453853709762
-0.3134089476123523,0.4109310187253188,0.1494198341244889
,,
,,
-0.5966978642385105,0.3825546924361011,-0.3766386115868857
1.281923651226868,-0.9118971932565956,-1.141368204666986
-1.052817717006135,0.6929352991367245,0.8912802853685563
-0.4417917699691886,-0.7568505896640151,-0.4643361989259798
4,4,4,3,3
,,,
,,,
-0.6143108287319621,-0.2462493145159904,0.0752401090545267,0.2910739636073932
-0.3923641393905008,-0.3696133632097077,0.7107241550817177,-0.5956711715987041
0.001355741842964035,-0.5706410268643907,-0.8010388357571044,-0.1313344606370299
-0.5330915859782865,-0.372062434538478,-0.512182280731326,0.2814656778409442
-0.327181545713608,-0.5337971436099129,0.5581122715571122,0.6503264886155452
,,,
,,,
0.2275607356738875,-0.3170394198763752,0.572528868261617,0.1642246029856399
0.329520017691673,-0.5833596460148113,-0.06815002765549398,0.4174309263311503
-1.131554700174561,-0.6924381138100164,-0.4974342906899543,-0.2841211239684094
0.6884721045669102,-0.08627610081359105,-0.5642288222539017,0.2884912940373764
0.1752524171134386,0.4387908164598994,-0.647442613574543,0.1850901374161731
,,
,,
-1.091472699282432,-0.4442636664720188,-0.2821975816709076
-0.7548032102863814,0.5343546586497123,-0.3563393789140118
-0.07615692142692104,0.3484810522950569,-0.5127260186467429
0.3566463558718452,0.5528257811404228,-0.3289144765732883
0.006546891756529689,0.635256888601875,-0.3610447514615731
,,
,,
0.7446350848343716,-0.06387027570332028,-0.8502209002484524
-0.3736585586242291,-0.4312337064049762,0.1204316818268265
0.5009066857418106,0.4401264470024981,-0.4436445490715352
-0.708303219857527,-0.5688817725705108,-0.3471189788407488
4,4,4,3,3
,,,
,,,
-0.3435557233224772,-0.161183991199798,-0.1962291230061057,0.5087000879323019
-0.5425496306136018,0.04484283815580718,-0.5685855737751082,0.03477717325438303
-0.4415182542325761,0.3196203931879806,-0.3989479016783575,0.6407550661778226
0.432590264072579,-0.2745192641555839,-0.3773302442309325,-0.5798432380156444
0.3685166444672597,-0.5920418225809574,-0.5720627482218166,-0.6448476227743437
,,,
,,,
-0.4483509894143828,0.03506175674415429,0.1005806391218794,0.5434938168920196
0.2214808636580342,-0.1773370508882468,0.03687773187947305,0.2347998509013687
0.1161026786135092,0.4857504849574427,-0.5886966593444487,0.1954503476931571
0.6176841422740305,-0.2313957360763447,-0.3005266864950985,0.7063561790916514
0.01854177641917125,-0.346570196085132,0.588464919888522,-0.08088530911202374
,,
,,
0.1767620586556613,0.3306084107143277,-0.6366221191794283
0.4909531679094183,-0.08549872733373665,-0.3392931039870594
0.2716992236836681,-0.232685763807824,0.3593617077814694
-0.6583547894586006,-0.1898644433419145,0.2252690194193585
0.1392891659521436,-0.3468857912723843,0.1868319891144734
,,
,,
0.2717637175594191,-0.3951512309767127,-0.561943804819209
-0.2439097925849494,0.1293803368115244,0.5949085567109038
-0.4401558279462321,-0.4018566980750837,-0.3306123708005748
-0.4764844557660634,-0.4225127000371335,-0.4180557239626191
4,4,4,3,3
,,,
,,,
0.1817041849903021,0.4241331667013195,0.01915787545023504,-0.4733960408878536
-0.6663798991283858,0.2457344921934642,0.2611634467805979,0.005324222301907456
-0.1382100082119954,0.5171534938303116,-0.2442320425863386,-0.6134935915574339
0.6499514755283982,-0.6557525193534283,0.03628861611970848,0.6110526912844083
-0.2379400762827262,-0.07205876792464307,0.4781169140301731,0.367892258702248
,,,
,,,
0.4234587054349868,-0.003675590259528517,0.09961142782596884,-0.6704311961513149
0.08904808503153264,-0.6813863761319998,-0.3460808541709217,-0.6139659761781345
-0.1924877690149797,-0.04727474060804111,0.2063947627347236,-0.202855082793549
-0.6863736984310779,-0.6343180437955017,0.4846600122997171,0.4133046157789062
-0.6196029742750481,-0.4109557707111313,0.6670866156300601,0.2632670768540816
,,
,,
-0.04518930083330737,0.2563512522307006,0.5004638021142017
-0.4122580503388012,-0.0133093903751097,0.2613131347322131
0.2830323703854714,-0.4109145801087176,-0.6186273392497209
0.637192783001537,0.5510430880712922,0.1516959734829585
-0.4369828256923819,0.01175256845714868,0.2678845037243501
,,
,,
0.4914280379932188,-0.6734735063733858,0.2691274426165611
-0.4971701209174247,0.02621183043668033,-0.1092554975998757
-0.4822257612665735,0.4182008850218338,-0.09275189726891078
-0.4577023792888467,-0.6130279960058453,-0.6667670590022245
4,4,4,3,3
,,,
,,,
-0.3451793490754062,0.007207882360072326,-0.08528615780942912,0.8012314956165915
-0.2007969055870611,1.225160393159437,-0.7501449882620941,0.1928983230911988
-0.4689346855397363,-1.068714785857366,0.9355625305765368,-1.43106274907074
0.5840256606357984,-0.9423106535299695,0.7794732716966923,-0.3077348764905973
-0.07227039079704799,0.1661146051132194,-0.6363647856566604,-0.5063474081991771
,,,
,,,
-0.339261849762222,0.2898598082953431,0.05474630007881024,-0.5642369487494756
1.605440698437372,1.455740769445437,0.6751689012036542,-1.38323414937511
-1.211970206961689,-0.8720928652935031,-0.1566799184058959,1.330197770637389
1.183140419863774,-0.04039360912830688,0.4628827818126965,-1.521288829359365
-0.4948276129702877,-0.2026074097511346,0.5110011181276155,0.5471258629893547
,,
,,
-2.317176048132706,0.8306456405895472,0.8534011372356967
-1.523217485297218,0.5063171221234308,-0.1860197601933199
-0.3413808374612127,0.182595820299836,0.1539791233409731
2.626738758768234,-0.04670863573358914,-0.9339133715380489
0.7774277295517642,-0.02272687677684336,-0.3098184826603629
,,
,,
-3.601581500556089,1.123645135655977,1.80553574539934
0.5750909740190802,-0.3585204133262753,-0.8546186034045018
0.6862508965366476,-0.3983366646621063,-1.015822777129526
0.7375622137070271,-0.9204133144729576,-0.7893306071744711
4,4,4,3,3
,,,
,,,
-0.5721589511286825,-0.5384301441954076,-0.1981259915400908,-0.2649075483955158
-0.5325516518455309,-0.21426932601469,-0.5762685284920011,0.3275741533742655
-0.04943342319486406,0.04579566045242413,0.8809660139786253,-0.203199350188461
0.6099886907480676,0.5643681860777962,0.01671391410453829,0.02296432958911477
0.04916479282075314,-0.5195932475612666,0.4242149190411571,-0.5195613578909224
,,,
,,,
-0.1374866676398127,-0.5009451225846862,-0.3626743356870802,0.1621997893997227
0.7000581820378765,0.4403380465445155,-0.3662869918138403,-0.2994388019404503
-0.1683400441608668,-0.7091573321940251,-0.6490337454401892,0.7010270700664283
-0.6870997770009326,0.2281841326620739,0.4162795811683587,-0.6553578160287744
0.4696945650714526,-0.07644122492022018,0.5531977314721295,-0.592379852531373
,,
,,
-0.2788213864925637,0.6359491971495458,-0.02565149449468827
-0.1009981108629517,-0.1601735330930273,0.9196757546450557
-0.9205430895875044,0.3231663910981424,-0.3365692431106723
0.4249580722410329,0.3932120617227685,0.05646636898963366
0.3541411531118167,0.5561496110582774,0.6385728585606937
,,
,,
-0.8262071262660797,0.4882352001057227,0.2362502750020982
-0.3186399098159774,0.2823613980588734,0.1276191110377824
0.5049176496345842,0.02665572279857023,-0.5467829535238784
-0.2407576418611629,-1.136496662061947,-0.7093887300749339
4,4,4,3,3
,,,
,,,
0.4370918709592402,0.2681934598383127,0.4620335726402794,-0.4114886813716508
0.6482348608260213,-0.3688808127403713,0.3680705030535807,-0.5675654007713298
-1.246670002151746,0.1153354783902899,-0.06419351147468327,1.259326945892034
-0.7962690956239382,-0.2632988248655603,-0.02664890099897435,0.6754261680942932
0.1997098167149951,0.04347170637891769,0.55823446248729,-0.5215032446210267
,,,
,,,
1.340736927400787,1.120544106809629,1.36220939185491,-0.486805494848162
-0.3669152890250607,0.0981822968789462,0.04916994992643695,-0.4105624105059314
0.213427975552086,-0.4959589916649938,0.1960598882787422,0.400624756149807
-0.9964686475896982,-1.390838372394226,-1.369090328851795,0.725553063258998
-0.4309491372765,0.2156037986582738,-0.4098612241883865,-0.5924566273581695
,,
,,
-1.25275687444371,-0.8188077905386887,0.8153643464215182
-0.813761487340646,-1.227663324775132,0.9635085051088289
-0.7776519707704905,-1.367327458034267,1.083827691958125
0.8556702810840308,0.2746925699160297,0.2956838402054054
0.311772718043425,0.8205631758058712,-0.7606664850459727
,,
,,
-1.733510844183256,0.6575603844201801,0.8469377112408393
-1.582506359924655,0.08244663767411353,1.404047982828766
0.8491124330719948,-0.9315498736333457,-1.299923808025004
0.264080410118974,-0.412938037862909,-0.7346169267045117
4,4,4,3,3
,,,
,,,
-0.3507607433344482,-0.5793004639551579,-0.442211324838176,-0.1290395198657204
-0.1357851369991568,-0.4074001549927119,-0.2777916573448178,0.5791193599227477
0.7233033084031368,-0.3270911292278849,0.2759745451249955,-0.03813915595825497
-0.3733984288805265,0.5057090512792021,-0.3052188387891362,-0.6342139547226204
-0.1345576546472142,0.5953674988379335,0.03096547856190741,0.318812747248637
,,,
,,,
0.7292722439787394,-0.218814092614408,0.1276582364012666,-0.07619432231129204
-0.1256190757830685,0.405123232399539,-0.3800260971778779,-0.4729484460596975
0.06824108898350517,-0.3239532207821209,0.1495625809503163,0.449726084495773
-0.5210828527371686,-0.6292947083990922,-0.6614717163358373,0.06380827173178028
-0.5171226822588187,0.1984016605019357,-0.1338063101561026,0.6437295495295555
,,
,,
0.4089562964941522,-0.4513403181164173,0.4240373896772908
0.2107369354120971,0.1855870473139894,0.3833609041520962
0.5637974366570068,0.2051499005781821,-0.2145380247450247
-0.1675146058074513,-0.7978271281810412,-0.5103840866294691
0.1050729204119205,0.2435233037794913,0.197914707336137
,,
,,
-0.1143450729513042,-0.1939377373387376,0.348675227683552
0.3003989286721077,0.3528113507853232,-0.0399014832071756
-0.4228644610278984,-0.386270257900694,-0.124827475915836
-0.4910385093157063,-0.44397497282734,-0.9417533931348147
4,4,4,3,3
,,,
,,,
-0.2652255497685164,0.3329605524446934,0.4458832965616698,0.01164733006934204
-0.4807589964949139,0.6512624627757094,0.164719191653674,-0.5815456928369231
0.03994385602875866,-0.1812057894800067,-0.852837272074086,-0.3200593563576125
-0.2757512680467563,0.1511651614385782,-0.3385490514833978,0.436670878511379
-0.5672495142764606,0.6648847727991327,-0.07830611604720068,-0.3286533270765312
,,,
,,,
0.5126164921707527,-0.6421570363280815,0.6112501552333067,0.251604113586619
-0.4963074987031153,0.121797106139663,0.6135308652647985,-0.1105621774367034
1.032304464938179,-0.3512184949378524,0.6982131859274564,0.1677141610361093
0.03052065799657623,0.6015498580831953,0.5865601599759032,0.5950355326370528
0.3801253635280581,0.05052347419310619,-0.00455654134780448,0.114474759208925
,,
,,
0.316759304282115,0.2479491698801632,-0.9633645375159194
-0.0004168799606553866,-0.06578361107668093,0.7721791810000505
0.5477412880876691,-0.4624923382733477,-0.2817347006350959
0.4757202583308834,0.09244519195152777,0.4547773537043554
-0.3185831023518952,0.3021687653938346,0.1750020316574193
,,
,,
0.01275297910501733,-0.3933622352901175,-0.9589875779461076
0.08276598334792279,0.4998937529472074,-0.3526603557098725
-1.392351018731107,-0.7060111791575504,0.1342968030901326
-0.09441911364899397,-0.205656918282115,-0.02591748253138451
4,4,4,3,3
,,,
,,,
-0.2855575383330107,0.4252447059809697,-0.5318313196482672,-0.4822788353270496
0.309040416792957,-0.05312812881399956,-0.1469943695741711,-0.211060693264826
0.07570803664039738,-0.6763392305574115,-0.2462687737003308,0.8796612080717023
0.2113926935460951,0.2941893845437779,-0.1167351579438519,0.3182310277386097
-0.6908177184452081,0.02216096421691331,0.1457012868781976,0.1447944573019974
,,,
,,,
-0.3148850333634726,-0.4028158412310122,-0.2917520547506278,-0.4507669994224899
0.04547828089165681,-0.0008247966855896393,-0.6563372270458916,-0.3051831783069812
0.4599434450414789,0.6697035269233415,0.5433876452077102,0.5599776931144105
-0.455198637246574,-0.02053618760269849,0.6422047271306813,-0.4942560162163191
0.364549245008668,0.1599012737190015,0.3654366631252647,-0.5315803647998451
,,
,,
-0.6281269268181221,-0.3095589608947797,-0.736643514454402
-0.280219972182827,-0.482803542331177,0.427510310579619
-0.5914775645008536,-0.4545654352788396,0.587021429119402
-0.6808603007204314,0.1820250975848918,-0.535083853698293
-0.2151038057198634,0.5564078551778917,-0.1836699215427992
,,
,,
-0.0640361946294189,-0.1057069148738219,-0.002624656526634483
-0.2692450423262531,-0.562451426108446,-0.584384417523128
-0.6515559457345679,-0.2109935591375252,0.3293324383629349
-0.3022721418590319,-0.2848352829960544,-0.508761319723256
4,4,4,3,3
,,,
,,,
0.5874026986456542,-0.3307236304970489,-0.04813159407838778,-0.05436624255499161
0.2436234050081476,0.7770780559029877,-0.4252195830009379,0.01624023713164597
-0.00882516435658711,-0.3807576407657116,0.4816735352570253,-0.5250965754412422
0.6815755390410879,0.1066591446552409,0.5186240414628822,0.1641104832445918
-0.3776754370681035,0.2419906109409243,-0.2050084775225671,0.307276526512681
,,,
,,,
-0.06906433441145886,-0.50312404555308,-0.6409617287403236,0.06886796193947457
-0.8574165388067573,0.6044169223383685,-0.1968464338109764,-0.6958023015256722
0.9451958735930825,0.4064438610801772,-0.03092714913172331,-0.2237115718630124
-0.2067332854953534,-0.00495934135051201,-0.1146195809083666,0.1732263209874084
0.01827715104283496,-0.4992190554022721,-0.6987014639783213,0.1059454588407606
,,
,,
0.3299681210304328,1.006444808254886,-0.3394604274378635
0.1706146335618812,-0.1163772512290907,0.6409673168933949
-0.479650669402737,0.5660013404534525,-0.4700540397252025
0.3850552776287942,0.09695677775072123,0.2269574163134477
-0.5767140128835351,0.3168174105832682,0.7500531847601323
,,
,,
-0.5417686865811971,0.01239716073390438,-0.3356055684481216
-1.033702880080769,0.1094099532004316,0.3273649791916717
-0.02318428773570285,-0.9302190297643357,-0.4029042132303288
0.3578189208617155,-0.1458176408437744,-0.5143757285016958
4,4,4,3,3
,,,
,,,
0.3750529138722962,0.01280862841051016,0.1613594820245429,0.3145678737384138
-0.1571879488713865,0.9862955417567411,0.5208697779697596,0.08399183036936915
-0.4895873398715919,-0.8931560232303621,0.6589840433776514,0.3043395532326312
-0.2712050662468867,-0.7494065152785111,0.3956390417394787,0.6587142182879135
0.1619808140409711,0.2345199542934511,0.5825208648866267,0.4405886888629931
,,,
,,,
0.694874480472484,-0.5008582126823136,-0.5086306892982804,-0.2576504217035485
-0.1487571366661825,-0.5591654480665963,-0.7604033291980158,1.33415278925085
-0.1160527721261031,-0.2595583279020724,-0.4449648862278703,0.1061817060552428
0.5492832090914159,0.4195987637091532,-0.2955549522473435,-0.6420432673338335
-0.6987433991227305,-0.4833305244157494,0.3581566033162564,0.2956254937647506
,,
,,
0.3001429376468084,0.5379651891759534,0.002415475684529521
0.6510214448134032,0.2576583198191242,0.587052390056783
0.0773005966508345,-0.4315987224183085,1.063231741100401
-0.3913175696863843,0.867726164465873,-1.021442906779921
-0.4588088414207878,-0.5552531547627461,-0.2900221228255063
,,
,,
-0.4438328797983407,-0.08555914290291768,0.5408512182488051
0.001369972889914379,-0.2047552449286006,-1.129337242441105
-1.518717675639423,0.1399291583005175,0.5248444022357703
0.1540910475316772,-0.5966008851071346,-0.5051840275861619
4,4,4,3,3
,,,
,,,
-0.3451793490754062,0.007207882360072326,-0.08528615780942912,0.8012314956165915
-0.2007969055870611,1.225160393159437,-0.7501449882620941,0.1928983230911988
-0.4689346855397363,-1.068714785857366,0.9355625305765368,-1.43106274907074
0.5840256606357984,-0.9423106535299695,0.7794732716966923,-0.3077348764905973
-0.07227039079704799,0.1661146051132194,-0.6363647856566604,-0.5063474081991771
,,,
,,,
-0.339261849762222,0.2898598082953431,0.05474630007881024,-0.5642369487494756
1.605440698437372,1.455740769445437,0.6751689012036542,-1.38323414937511
-1.211970206961689,-0.8720928652935031,-0.1566799184058959,1.330197770637389
1.183140419863774,-0.04039360912830688,0.4628827818126965,-1.521288829359365
-0.4948276129702877,-0.2026074097511346,0.5110011181276155,0.5471258629893547
,,
,,
-2.317176048132706,0.8306456405895472,0.8534011372356967
-1.523217485297218,0.5063171221234308,-0.1860197601933199
-0.3413808374612127,0.182595820299836,0.1539791233409731
2.626738758768234,-0.04670863573358914,-0.9339133715380489
0.7774277295517642,-0.02272687677684336,-0.3098184826603629
,,
,,
-3.601581500556089,1.123645135655977,1.80553574539934
0.5750909740190802,-0.3585204133262753,-0.8546186034045018
0.6862508965366476,-0.3983366646621063,-1.015822777129526
0.7375622137070271,-0.9204133144729576,-0.7893306071744711
