4,4,4,4,4,4,4,3,3
,,,
,,,
-0.04609121863773026,0.2735791124999343,-0.2530264373267161,-0.1253518573802878
0.1940782933381392,0.2112342347245922,0.1433394396321687,-0.1915003214907167
-0.6387766395461295,-0.6678360164159624,-0.2239541082994835,0.5590176101351759
0.6788940770579976,-0.08468949823969178,-0.6186926327929553,0.3870409842758917
0.1986461181684476,-0.3847850900803008,0.04208142354823325,0.3939208479481004
,,,
,,,
0.133821260007519,-0.2667209857321377,0.5035543379711338,0.6473882018701099
-0.5470624604345927,0.1024403924096001,-0.4693821885721169,-0.05736771564185925
0.3264016193006143,0.582493559779644,-0.5950449584751131,-0.1239430505458455
-0.120829494088965,-0.4395523334295566,0.04539755117201191,-0.1389914603565618
-0.4843396683540216,-0.07906589577500961,0.6520081627365759,0.4909938174432699
,,,
,,,
-0.4061668212170926,0.05732076868801358,-0.5419674563482578,0.1185973969681237
-0.51331763126007,0.25085399884285,0.3736645278318265,0.09558445420153606
-0.1515866076396337,0.18109455571026,0.1501867114814819,-0.4518402540074417
0.2386254676461709,0.3019115093509916,0.1157017698751312,-0.6757495736654998
0.3258342307759297,-0.4791017341945555,-0.6903743928886139,0.5289965793663614
,,,
,,,
-0.179833638496435,-0.3226110561751815,0.5958545283334795,-0.3834029981463368
-0.3230103351602989,-0.09404172156619438,-0.1828207825993945,-0.5261109312303671
0.6015885053253358,-0.637314385254286,-0.5586977846103485,-0.5376714143771981
0.1487210775145471,-0.07144725256639833,0.04130229531870952,0.6494811351986566
-0.3627619212513985,0.2998527053500929,-0.2490809302772617,-0.5192146268940183
,,,
,,,
-0.432425025410177,0.6804186668749307,0.5487573919414868,0.6381280423475234
-0.4764303737503446,0.5306026405814376,0.1402747698888874,0.5448333469895822
0.6064393857029411,-0.1378183149890174,-0.04213314298691161,0.08340628376724951
0.591611605182511,0.1869922815382059,0.6936265111239417,0.404887802838106
0.523772813802649,0.4984868768341417,-0.0915785317723363,0.3341257453250646
,,,
,,,
-0.5252410615875605,-0.6130215070923724,-0.00359894185886764,-0.1019865343935491
0.3948773604935315,0.4813747866851508,-0.6190652602438056,-0.460360783918927
-0.535747398491107,-0.2671075417363116,-0.6054694898352943,0.6705195853982289
0.4521667034254738,-0.4138569580623164,0.403978348063309,0.1154608674861017
-0.5493857519367304,0.2084044029064845,-0.4806787051934081,-0.5287022358615553
,,
,,
-0.1884467683315625,-0.265663658651377,-0.3430325431887686
-0.3975848860157133,-0.6455035588269368,0.1555220247304337
0.2563771699902657,-0.3468915759158392,0.1778377012947444
-0.5277503566255253,0.585431804252585,-0.2717381434262698
0.5756624589544126,-0.008750256835092543,0.327161048515038
,,
,,
-0.3742102919861105,-0.7245686343264827,0.2146801905539083
-0.03049063080032551,-0.1203897766603243,0.1073560977252633
0.007525190980547883,-0.008879792411889915,-0.8566813883375148
-0.4336076138694024,-0.3277338832182319,-0.3402490075623124
4,4,4,4,4,4,4,3,3
,,,
,,,
-0.157045570872982,-0.5531480302975815,0.5580383057150217,-0.01998933370944127
-0.1812135702268895,-0.2684455312717527,0.257745049960897,0.5256811046682355
-0.4491836889704959,0.133087069991429,-0.5497099635549176,-0.02201143230345578
0.464980122011167,-0.07893621364693264,0.3997863158635265,-0.01645928114782654
-0.06187208017983831,0.4999392604212465,0.05385037579468195,-0.5073495675513029
,,,
,,,
-0.2069827593986411,-0.6119730810646907,-0.2799259874124259,0.1404270629201202
-0.2602026787789199,-0.1872580984210714,-0.1489357511779954,-0.5778828394730999
0.5551647493315757,-0.3679412446663928,-0.09586010123656784,-0.09116690315816389
-0.6193210728255063,0.684990378584591,0.3657663105080058,0.3472175284860837
0.4346612691361117,-0.02584997764186244,-0.08960876481178254,-0.04256749594427194
,,,
,,,
0.5267745026294033,0.02419069175606271,0.05267423178973481,-0.2097880595625426
-0.4955081647480712,0.396968315849329,-0.2067892542302083,-0.6265676940444719
0.6800504856309885,0.07801291153632192,-0.5219994703454595,-0.1951964162004994
0.1566536456384932,-0.1175953451046825,-0.3205877786725488,-0.6096535535613787
-0.06779577412519737,0.6480906643145163,0.3141517762845802,0.4952557864748844
,,,
,,,
0.4906556587158659,0.1281077997746639,-0.4450770187190764,0.208057695729934
0.2356482429465765,-0.02774605218360795,0.1675861411322891,-0.305353133725888
0.5520510195968206,-0.3701236665293967,-0.1557532191342275,-0.5757168246180404
0.5316786314294284,0.09088456500204746,0.6477949402790077,0.07828855865829232
0.6555692141667482,-0.1059684620786122,0.4023168145192952,-0.1840795766305392
,,,
,,,
-0.08490083507612475,0.5854834899620261,-0.5359512250088054,0.1103918868045872
-0.484829190920548,-0.6567448915630336,0.6737155964461745,-0.6861681348048213
-0.6731193477743446,0.1150879591322065,0.6242331401204072,0.5534020572168354
0.6008643918316962,0.5568308672994775,-0.5276699539531917,0.226497502145648
0.5856237525503232,-0.03547241468562656,-0.5109723304614754,-0.5416576332886309
,,,
,,,
-0.3098442110574393,0.1772407704663026,0.5480816282716391,-0.5082064882273788
-0.1991576794036392,0.3242261110666975,-0.6843360908668168,-0.04853646228043178
-0.3401948746366873,0.4180089303497214,-0.6235752238839013,-0.474788761623828
0.5675752615414692,-0.6631643116206936,0.09467383506412998,0.3676196748152008
0.5334754888001226,-0.1429595893724745,0.6529216150028535,0.3739156601980413
,,
,,
-0.5220322615827155,-0.003687796863583346,-0.6365317130909528
0.07684884117061673,-0.6929730077298559,-0.3678602447308906
0.652508599455791,-0.2464954416992733,0.2414621320059466
0.2134252211333268,0.5438652522416827,0.5172684375491381
0.4865895034964998,-0.5267023091696514,-0.1875626181540455
,,
,,
0.2071271655716153,-0.4500520769214065,-0.2071618710747264
0.09011732362900864,-0.0412990299957354,0.1659702506900497
-0.2631023915013948,0.5806553809838517,-0.4007903037551456
-0.8082083660033578,-0.6081893533262419,-0.3970405314336967
4,4,4,4,4,4,4,3,3
,,,
,,,
0.6529777357136759,0.07292419160117267,0.4896735888761263,-0.0122910828319225
-0.04782353217121723,0.3494145802192126,0.5177062696010991,-0.1658400656039537
0.2809787818076706,0.4396254481425741,0.3375403664987799,-0.4493138031090925
-0.02107465146674302,-0.3654234461254612,-0.578293139739011,-0.03533066114722749
0.3677282236268947,0.533993888432044,0.3276652676577338,-0.07123974088233676
,,,
,,,
0.1319674971130978,-0.5628802248382763,-0.01661479486846728,-0.1727965375625693
-0.05312936682014449,-0.699836165903383,-0.2601310315777862,0.1343965740702759
0.4311053059579918,-0.5611807209215115,0.6368225810779564,-0.4972715135818467
-0.3635805523842643,0.6652092549649011,-0.2489526435958917,-0.6657005870841842
0.05796997311025376,-0.1737713029705693,-0.4021123382277161,0.5194548505642268
,,,
,,,
0.4786281108886343,-0.005576436577841505,-0.3042868019229296,0.5826082258285841
-0.03032196981821286,-0.5047444261620651,-0.4094351466660031,-0.1444989961484478
-0.3276081377395589,-0.3637545693704309,-0.5969441850329346,0.4644920700852081
0.1596648298496568,-0.3101542739090635,0.1322357562302983,0.5467594921948028
-0.001436040245778148,0.459597559206648,-0.3824271687978608,0.329447152448254
,,,
,,,
-0.5455058735770058,0.03665951859660441,0.1374467546432802,0.2765893057510491
-0.3746206124581748,-0.4344147238553001,0.2985920983787108,0.1216866890056215
0.2133677162343897,-0.2371335162394777,0.6163153999490796,-0.1586928062439781
-0.2625740298118432,0.3709522832726344,0.4887147701960148,-0.5170578395178635
-0.6261644333726069,-0.6988514817940339,-0.3304772024266854,-0.5905735729308565
,,,
,,,
-0.3420837685228136,0.5561190657242202,-0.003843283760458749,0.6564103217776758
0.3485594941651683,0.2254422582568083,0.6912794185365611,0.03047200901913264
0.2203742737847758,0.6098937133020202,0.1026074261470347,-0.1350632969547853
0.578733793670526,0.5678915797192671,-0.5444690117426416,0.5560395046275614
0.6513916843856987,-0.1568328826361187,0.2046008606766099,0.3309466786021709
,,,
,,,
0.3265453665858441,0.07783309807137176,-0.2118348263859642,0.22333998886395
-0.2477512153145724,0.5875902958882138,0.38371390333365,0.002937366289589567
0.4104987447437984,-0.2770779226925532,-0.05148174333103891,-0.5330331088011759
-0.6577084753324222,0.4304240196983189,0.4199998328222064,0.2172445815993442
-0.1036059892972178,-0.3774485649846354,0.6495631066843855,0.3170125232041365
,,
,,
0.4231404671695149,-0.4895088192346889,-0.4153346776831741
0.295660928796713,-0.2068721905711059,0.420947696217025
0.5820045919293556,-0.6385869690784227,0.1771142802153491
-0.3765465044487045,-0.5700116016879376,-0.2600828133651103
-0.2069477306762819,-0.2911910397783423,0.5433402458736599
,,
,,
0.332812774551366,0.00548030769471499,-0.08472266320806496
0.1914758749971963,0.1683971626462752,-0.5042360304192463
-0.3616492045080635,-0.8243427209202259,-0.7529715205890191
-0.6840096896781236,-0.226266662142588,-0.05390453635293265
4,4,4,4,4,4,4,3,3
,,,
,,,
0.2387278308354275,0.5298236989441881,0.02455724600781397,0.2409766683962108
-0.5310536672424593,-0.4343508254873743,0.07825755517479177,-0.6337578712436223
0.08166482312288205,-0.6096961193119766,-0.4896437107629019,0.4391958028650604
-0.01316678491352247,0.4244044618054684,0.4421239891814577,-0.6199879316428253
0.3613810504125442,-0.1730303172989804,-0.5301599326931046,0.3286900503941326
,,,
,,,
0.6304706406798576,0.03004486869535866,0.4437964079853167,0.2834261275112058
-0.6075892635419753,-0.6407638401426483,0.5496949369713402,0.4510104447379951
0.4181655104698079,-0.625400901176872,-0.5599434325545126,-0.3279783148208484
0.312708487332345,-0.6263486402882903,0.1501508849606019,0.1851658427792869
-0.4171912294264318,0.2410828748294208,-0.09858041821105072,-0.3764120338322347
,,,
,,,
-0.4828693048148218,-0.3236130928564452,-0.1515591327846102,-0.5858436615666521
-0.3676007997251913,0.2415294205823937,-0.3730330255335497,-0.3189204395389587
-0.4567257285906832,0.6487140694446958,0.6719718167330179,-0.01680266993449311
0.1769523692048657,0.3559026907756705,0.07957831711714661,0.3158226472392919
-0.3644520491312594,0.4209951453646558,0.6573070900137912,-0.0796247171543904
,,,
,,,
-0.6152056992907068,0.3985161578168874,0.1688212424723102,0.03898901715788652
-0.3015158797364642,-0.5566851158597147,-0.4352645732903467,0.6417910820658015
-0.121388981845146,-0.09548777994330861,0.3970630979376031,0.5387081403837223
0.1401682682157789,-0.4936398943391417,-0.345023093622404,0.5027710099108371
-0.2521584882823544,-0.2715874637648857,-0.5140252988750749,-0.3595793019907241
,,,
,,,
-0.06793221821380369,-0.5036175712312336,0.4995578561804353,-0.003428361397572075
0.3532865315947276,-0.2126888868490013,0.4032387418839903,0.1145414412847259
-0.2336701306733485,-0.6948818389760733,0.03206919071696339,0.2432014590238978
0.03923046089400688,0.1139912176567503,-0.5297778616465537,0.03534540791460017
0.3605120288486049,-0.2136125188339096,-0.4986320453478399,-0.08310326650551057
,,,
,,,
0.5503414149482809,-0.3178279044004124,0.09965400631701461,0.5921472439009783
-0.1247020001925416,0.2933473074827004,0.3985958990379295,0.4516098372254961
-0.267055997950927,0.6083036589265852,0.2697597960641712,0.6836734185183401
0.2396099817818367,-0.6026680272617154,-0.5413539517480451,0.4097722275460847
-0.5074123158955619,-0.2975870981302357,0.5208131398143699,0.1603318661452026
,,
,,
0.2493952273509419,0.1897593911221065,0.1034574935181163
0.5440553610437363,-0.2302181555955739,-0.637933283936849
-0.5485906101907509,0.4410868965288011,-0.3726331385313056
0.05618512741088452,0.1516233022248794,-0.003745665327827225
0.5797806454105907,0.4787160526596521,0.5773222199419707
,,
,,
-0.6755625406183745,-0.671595331496765,-0.003333413622090661
-0.6680844549490066,0.5238301683413011,0.0007254232694800788
0.5860668258704274,0.3106258071606988,-0.3529393982742328
0.0740693047544875,-0.7840930555069168,-0.6998273249188059
4,4,4,4,4,4,4,3,3
,,,
,,,
0.6736921549940906,0.2622643106319686,-0.6211927379742738,0.1732696862465259
0.6943366716187256,-0.5087198287651826,0.6635960494249202,-0.151416701516427
0.6221837767627222,-0.6474773413766024,0.1017721515076634,-0.3395231723163267
-0.4073725244492282,-0.1183577586262243,-0.1131814951591808,-0.4677620265610854
0.09941193483970975,0.1569192755425076,-0.5923606681020296,-0.6850007463460581
,,,
,,,
0.5601769855640998,0.4176342395351141,0.03999247093269531,0.2866452909334525
0.1278762210439936,-0.4000246258977263,0.1082589410767491,-0.2984966595936743
-0.5431851755311349,-0.3906296125210254,0.4878656197262698,-0.1039042895915059
0.3988445837217552,-0.1950622789476445,0.5179983750326737,0.518872179281702
0.5666181886715305,0.2715515571218752,-0.3165763698449677,-0.2995609352886096
,,,
,,,
0.4908277130697051,-0.5296469304548066,0.6904937082576219,0.5554998673725674
-0.4861266895346283,-0.09162476394308426,-0.5509390908605378,0.1677770269930428
-0.5713750166627144,0.00997314975132875,-0.5706948948433964,-0.6163282565957736
0.08864528744493051,-0.624768900257911,-0.6139772105821638,0.6242864335125964
0.5418744844759142,0.5335429139053638,0.03620655067111559,-0.1365084878397319
,,,
,,,
-0.6532557710366205,0.3973122536840073,0.598225209308376,-0.2209540049373712
0.3974387359669964,0.07093013872086444,-0.02056943234987376,0.3870366698262723
0.6394391523487676,-0.5914287168654632,-0.5764975429019976,-0.4518734964428048
-0.1372962074819027,0.4414599721978468,0.1676798048758853,-0.3758284055434599
0.2843962534403028,0.3520600889387898,-0.1075744494653604,0.1587270445602538
,,,
,,,
0.1916119031228563,-0.06675564320685452,0.006457766653827133,0.2538087828623553
-0.4516117926862765,0.4842062764243324,-0.08350654738738425,-0.485441622249609
0.07929196649701696,0.4156529662587194,-0.009721500848835787,0.504782087831386
-0.1643888396089662,0.4810687739326243,0.282638009362589,-0.01877613210190784
0.5874681103228678,0.07529343865194159,-0.3223468425283598,0.6210972323335391
,,,
,,,
0.3124507512546807,-0.3816685253310844,0.3113404734716783,-0.568701246560561
0.09403411233314307,0.4469670276661857,0.2775786531002156,0.5959079992026789
-0.0481989813173706,0.03625687879700798,0.5502579817899517,-0.5471017011987884
-0.295839146721302,0.4573089327441925,-0.3093212385256692,-0.1827882576342747
0.1064850139845489,-0.664232363069554,0.08746266919009014,0.4908970102461044
,,
,,
0.06724789082253432,0.4981320590483564,-0.4064538490979992
-0.587530343595138,-0.7066749112401693,-0.08465042106311021
-0.1402873068462827,-0.5962813416399654,0.49729672168099
-0.06862903874432685,-0.5854145394142377,0.3470924531919009
-0.3849651541697285,0.09711641698670659,0.3609572838025442
,,
,,
-0.2525173001534498,0.3152464611990723,0.3241891215781211
-0.04761463723069392,-0.08215113772806359,0.1626122208828583
-0.02449769769280911,-0.9126191445655175,-0.05001497296167026
-0.6011614314708894,-0.199002108041023,-0.7780066227109331
4,4,4,4,4,4,4,3,3
,,,
,,,
-0.2209443795442762,0.1655326739755738,0.3378567395949988,-0.284780695983734
-0.6707374060771238,0.4296487761148972,-0.6419220408169274,0.2528446014098633
0.4558456933554584,-0.2760550834848119,-0.3405665123122547,-0.2516712611593707
-0.4168691239902623,-0.3047321841833539,0.009487883622131545,0.6662204286295251
-0.5275993358915821,0.5984033959344387,-0.2483973617755312,-0.4147846610085002
,,,
,,,
-0.2795861090955924,0.02533644821485833,0.5779829652757374,0.3926486163623415
-0.6989838622012211,-0.4931173948278382,-0.4628006207750006,-0.1178111031712526
-0.6844629882153914,-0.2543795563001959,0.2657547157984048,0.1635783609423198
0.2537073548562938,-0.3126333065277968,0.2876966064959256,0.3571599995233881
-0.2202130442251987,-0.5103637221795304,-0.2107481821371915,0.5389157512153481
,,,
,,,
0.5008354778034895,0.5157761300002942,0.3709617219879854,-0.5714555365758845
0.3184678082884411,0.4320543869586042,-0.5242880811353945,0.5030284757872011
-0.4066442345157342,0.4230781337789117,0.1770775023360207,-0.4554928531447684
0.6821062508604556,0.2398545681632717,-0.5150868107399179,-0.1095849353269932
0.3103665035483523,-0.3683262665876679,0.3083850410193129,-0.5990936304421843
,,,
,,,
-0.3262302440207362,0.1277629733353109,0.03448059099467395,0.2303294820073637
-0.6402441661492416,-0.3639403044050082,0.1268006156412102,0.05761770306146755
-0.3073360107694159,-0.1688899639769173,0.5439679016763663,-0.1140233405577412
-0.6322397305670198,-0.3314511832012139,-0.0105764311410774,0.6396846551404911
0.5699882500913024,-0.06181430697857044,0.2753845394985301,0.1683507537056008
,,,
,,,
-0.1849063094214316,-0.5782208219231906,0.6724403499145883,0.4249416050725279
0.380971338830942,-0.08012413944519076,0.2362186592360196,0.3252737763776854
0.2572354648931331,0.04806920338839596,0.0673188864520978,-0.4007296672797446
0.3863470164632472,0.1706912511462818,-0.1065617174233578,0.239562119448521
0.5995654156323172,-0.0596651176198184,-0.3698533898652117,-0.1758590376540768
,,,
,,,
-0.680911357705861,0.4620798802710901,-0.3395803680790942,0.01322798491278981
-0.2364262332174664,-0.0945462457861022,-0.5345936785238998,0.5869511473653617
-0.3031769104928181,0.60759045335532,0.4708081489315099,0.4240614564589228
0.3140896713630856,0.4341732290194378,0.4829820780039826,-0.1630687267048409
-0.12913420394,-0.2109996043309716,-0.3960272095600268,-0.2299356221994888
,,
,,
-0.6469828288296698,-0.3657167444677523,0.5555131959455339
-0.4611549562226957,-0.5845111500581331,0.3703633955597176
-0.354340190894429,0.4710102064875927,-0.07986317402722432
-0.09958619722952597,-0.1514426211736582,0.3053243332723637
0.641690262295735,-0.480355483886993,-0.2421739924500567
,,
,,
-0.2178043010705604,0.01447397679439152,-1.007178992249675
-0.6125539336403244,-0.477490246395825,0.07695951345664473
-0.07581568912089276,0.4668136190094352,-0.3947161401237653
-0.3188634034943456,-0.75156010199357,-0.1258068017273707
4,4,4,4,4,4,4,3,3
,,,
,,,
-0.247808025451413,0.1978428018315693,-0.2359995078001776,0.1382113093303302
-0.02078297097385094,-0.6288752885836718,0.4138881992439049,0.2648527985374663
0.4810242408595208,0.4280730764287958,-0.4026626767367775,0.4337943933679475
-0.4937764712806935,0.118144346644292,-0.3480657865390326,0.05030080632063947
-0.594685499738381,0.4346567590368248,0.415642596250818,0.5222786343496362
,,,
,,,
0.2374601957184144,-0.2312864067258249,0.2030462930103431,-0.578212704941928
-0.3493211944980732,-0.1222861873916502,-0.4649211990219854,0.1440881040475737
-0.5227402058108591,0.1311023449450989,-0.6135334368543452,0.3691839703348432
-0.6572760256612837,0.009826700122658355,-0.3048724994203524,0.08142710800590512
0.5640416719993652,-0.3070276852658806,0.529597361995726,0.4602401926016791
,,,
,,,
0.674118402081165,0.2164193796640592,0.6618409944946835,0.5451945294835073
-0.2049969555888458,-0.1546131136226188,0.5093456631704968,0.5805353505090011
0.4413035274943591,-0.379779352571962,0.5614226571082879,-0.3720283193015718
0.3925567913972849,0.08632384302386778,0.2819683724496767,-0.6850522076744425
0.6501244699540319,-0.5626584880228859,-0.2234967173690283,0.6146738681167028
,,,
,,,
0.0994942957411344,-0.3835930702649739,0.07130796898364002,-0.6111090225092404
0.09170039476925021,-0.5985854423286666,-0.1224629414756392,-0.01344995874865633
0.1353464620722912,0.4604624107573964,0.2678738171291238,0.3553188885638523
0.3632250948505505,-0.1870177260209542,0.5463910421785503,-0.6079235132773575
0.1656976394710053,0.451726155324304,0.6542268055212997,0.4884157943589747
,,,
,,,
-0.1119802716871778,-0.6981498922913463,-0.3524778150609467,0.5556536303537167
0.08137192017485616,0.6513115659852615,-0.1255348524967371,-0.5045621723020673
-0.005045668844775125,0.4557438350302289,-0.5196012300441263,0.5992625357453256
-0.5196204747394776,-0.1246039910349647,-0.3852079099813965,0.2868198942722014
-0.1786207803046373,-0.5325811679935736,0.5499604977683312,-0.434848064795682
,,,
,,,
-0.05652392307073174,0.5022413959083456,0.2071065346849013,0.2990854070535151
0.1221234961711411,-0.1146158670222035,0.6004690692290841,0.2689292111647796
0.2526117304383435,0.5112342887240443,-0.6193924921256587,0.2409678945061
-0.6128681224949689,0.5631399444186518,0.1906989912431286,0.2942068749824657
-0.02909766961814677,-0.5175657374183618,-0.4825948290456628,0.1169321373992802
,,
,,
-0.4658386211020103,-0.6936809783799011,0.5205367507428116
-0.306686200643896,-0.360173595732783,-0.0283528620336822
-0.5639696796874314,0.5934187792163337,0.4585530921131979
0.106052547440945,-0.0728009413450242,0.5497734686901997
-0.1272462930412802,0.6763680846768758,-0.5179578190492886
,,
,,
-0.07422862336746601,-0.6750203497424799,0.1979270548266517
0.2120124093511722,-0.626530283333645,0.5822386512492222
-0.7029903654643125,0.1961932004389109,-0.7400103317942558
-0.4902235076874938,-0.06012371531272994,-0.747101268739374
4,4,4,4,4,4,4,3,3
,,,
,,,
-0.0640214307861698,-0.5803271649845197,0.3522497642220143,0.3984987205095689
0.3746749232020143,0.3800348670020884,0.2942306263813149,0.06458540634149586
0.6517335473900074,0.6139324834049038,-0.04895083163048292,0.1088028123451154
-0.4379200103147152,-0.3221600012005611,0.5575248658871597,0.2231829402556929
-0.2884152499023995,-0.4698330656530355,-0.01983548932202915,0.01408771330594489
,,,
,,,
-0.09990267489909999,-0.2055091520688692,-0.3402297233132702,0.6081367746194242
-0.5703144052613355,0.2224942742809549,0.2192601149566139,0.3936231733245301
-0.4510741742130917,-0.2469173542695359,0.6997689536004686,-0.3822343371569341
0.6771588747023056,0.6476383008593833,0.2341798374176809,-0.2766907034724103
-0.045564799636568,-0.1092702185217671,0.1203275744909105,-0.07031263513473815
,,,
,,,
0.07178303614739336,-0.4115490988633713,-0.02393382406571667,-0.6574523820355528
0.5598768313763385,0.5877731300439334,-0.4285169903604334,0.6453506237400084
0.02372624907588987,0.04692462615476836,0.2286353958248162,-0.08653439669106239
0.3678116053066038,0.4583072960208125,0.2765396408026843,-0.1361431557565079
-0.1806583253883519,-0.353038367309663,-0.04431000742066931,0.245812275493584
,,,
,,,
-0.4444212694009835,-0.1919706814583992,0.2671485135095071,0.2490193246692783
-0.6935346630455504,-0.1319407018711631,-0.5200365895211541,0.4228465219840741
0.5999678219499471,-0.04838998970997804,0.1895029027759852,0.5117067104694085
-0.2819218983611906,-0.5167146065892245,-0.3413114134303735,-0.2633649754416656
-0.2862883525493817,0.3373909337398554,-0.1906666531149056,0.08102758547186562
,,,
,,,
-0.5841458635168031,-0.568346550862427,-0.1748618434084231,0.1290927359010619
-0.2652802032932063,0.4898577777370459,0.4945681050470812,0.4347608529246493
0.04517799194205527,0.548622578994826,-0.567862797074582,0.235267770926376
0.04007527291013383,-0.1218800821723829,0.3833340248008095,-0.04555200532825919
0.3537943718345916,-0.6092157582355237,0.04534245184060319,0.1769426542565227
,,,
,,,
-0.06031031548971186,0.6717364274365633,-0.5018845715869673,-0.05354922827094905
0.6296460180711131,-0.515826041993144,-0.4562415486528688,-0.04862567786458922
-0.2601834129363331,0.4908129269857787,0.186421049255012,-0.06164818004414791
0.1665473193682038,-0.4879220913204768,-0.4856021807736202,-0.1189657920062155
0.04403363228467441,-0.4983892392987919,0.6577163568193134,0.09456400943623636
,,
,,
-0.2631944608086704,0.357372389158599,-0.1407986905288918
-0.4479968607715094,0.02843072781329622,-0.3546101871221529
-0.1057318291597461,0.282709230526796,0.5404756523227487
0.09767014276793672,-0.5303101517833444,-0.4885092272267013
0.04792657810277513,0.257252091207017,0.4696576297033387
,,
,,
0.4019293373923291,-0.5203411826526414,0.3511753965386301
-0.6788934297874818,-0.5393124494317527,-0.6179629301359351
0.2551317284619362,-0.08597329296833767,0.3150517414534844
-0.6689236856215273,-0.09300107074686993,-0.6161548779939047
4,4,4,4,4,4,4,3,3
,,,
,,,
-0.502519403793601,-0.6279724950198899,-0.00821154102588967,-0.416227979096172
0.579531946132559,0.4143496200045672,-0.4973697657165467,-0.1304685381894718
-0.6595727390250169,0.2607497268183475,0.03482246758359225,-0.1529434126828574
0.1216609051900266,-0.4273228071383395,0.001035184192170418,0.5453975659788535
0.02353395143024311,0.3535223466376947,-0.5762553847889209,0.3671969150356122
,,,
,,,
0.2950502500531402,-0.5080474153459619,-0.09009793681610602,0.06009501191724719
-0.2667659646073786,0.06791848333222905,0.5347570950824064,-0.5951889522926008
-0.1339955659844252,0.1614699326886221,-0.1989418552407264,-0.32813170566881
0.09332421710738703,0.02922290448252182,-0.510962831876034,0.5730987994638248
0.5466553390547455,-0.6149132481025171,0.5027447068793398,0.3796611050975152
,,,
,,,
0.5189079076825892,0.49464580204609,-0.293375740913734,0.04593286207639473
0.09574575041940071,0.4710992745576181,0.1274766891852581,-0.08301986087413482
0.5277376494438721,-0.6796165824277413,0.1107285816927814,-0.06388928710859849
0.09138224153185442,0.2701165009674567,0.3536454354168084,0.4701068778296151
-0.3793560986898053,0.5591322326956133,-0.4662698336656589,-0.01698445449839761
,,,
,,,
-0.3065654458584822,-0.5639797734723592,0.1965043169439113,-0.0882459853694752
-0.2446250197448787,0.2985649345917905,-0.1883181189886211,-0.5941792198893515
0.6894605721103469,-0.3178166411516392,-0.2694980624103241,0.1841551099227176
-0.4299917913121774,0.3314642250061769,-0.5285663992627943,-0.6516254862022062
0.56355922303243,0.5638765553731081,-0.5911521619994698,-0.5112498686938314
,,,
,,,
-0.6118064556753039,0.5534561932983577,0.2510982447248316,-0.07273190324736377
0.3855678745102795,-0.3275943660247063,-0.6323962566317211,-0.2507299488605348
-0.3749680540892401,-0.1973824645983241,-0.4359440720453803,0.5342840290285973
-0.2804847922761026,-0.3229850917786996,0.5036361268462675,0.1144825111994055
0.6594342285443066,-0.6635140568613751,0.2261982098437885,0.4222132525035989
,,,
,,,
-0.151692841112435,0.2057714494265919,0.4838464810183023,-0.6375144900588767
0.1248201778472702,-0.2009855957791611,-0.3759679878871808,-0.5285425564396909
-0.1416769298946849,0.07655467635255883,0.3458684986088165,-0.49054760337084
0.2491065510187348,-0.6586670930721124,0.02384533813921594,-0.3485223223280443
-0.2522384063035955,0.2396455062878536,0.2268632166161696,0.237951231018976
,,
,,
-0.230900104324594,0.1726706959206985,0.4400334360208856
-0.582590512733592,0.4251429477048821,0.4169486160441607
-0.1418503558180854,-0.2792687078790161,0.599410135164534
0.5811701870374052,0.07105704629578921,-0.02514616225956816
-0.2090250236449312,0.1805623804115337,0.3402792572368529
,,
,,
-0.305577062011942,0.2578786666191195,-0.6328936023396987
-0.06569891956433081,-0.580036710752142,-0.03392530622928067
-0.2769879928887057,0.06849432053955155,-0.9742480699434659
-0.2870256071652529,-0.5302475000700845,0.2761305327436345
4,4,4,4,4,4,4,3,3
,,,
,,,
0.5831262870306462,0.4514804185264052,-0.2562229541191828,0.4466813742333792
-0.008935816886281507,-0.5140728251115603,0.468285527162661,0.6351312666629153
-0.2724260996238637,-0.6344169286779312,0.5101014898004683,0.6974994914563811
-0.2182471467422995,-0.6271049090938109,-0.4065470309902213,-0.106561426680961
0.3170882406842337,-0.1002158298746405,-0.2086665587156778,-0.5286396153843185
,,,
,,,
0.3170259158754548,-0.5306807478464211,0.4053274986353564,-0.6122901437920953
-0.3640744178478421,-0.386037738394016,-0.2269392174793142,-0.2905480328195976
0.2799921136501328,-0.264003285981921,-0.3825343320755331,0.4997190794917472
-0.5979447437067461,0.1795025807091619,-0.1224396070572391,0.4536782530690648
0.003754854351587922,0.6344673209838437,-0.1478493269377874,0.1208690560735176
,,,
,,,
0.1141962438704375,-0.1110179560823191,0.6706083408999075,0.3583911702456538
0.5570640331470589,0.08758334174131623,-0.4637619156675243,-0.1512989441272077
-0.2841828599368209,0.6279058573948979,0.2333596790423094,-0.1941371614801269
-0.2434867601426965,0.1204607945523833,0.6974484934364288,0.6057069533244132
0.1718119717990406,0.06981686365483915,-0.3895525341966413,-0.661285762438887
,,,
,,,
0.10228999824632,0.1100015006217272,0.03904594833986538,-0.2086285981625864
-0.2439846580638457,-0.2145604235242236,-0.6797042482245964,-0.02371510153367306
-0.5863030819209019,-0.05076301519954129,0.6555383342044683,-0.213341360658127
0.2162543994741565,-0.2526756844814526,-0.0918832098551625,0.2928285751731399
0.2400589426181527,0.4022756943904746,0.6834900968399027,-0.1592924395497274
,,,
,,,
0.6305050187488029,0.6491269559163247,-0.00856938052170546,-0.6113549601060471
-0.08339452861959704,0.3620971174613451,0.1253803252089466,-0.3705429406748603
0.1318177060262984,0.2094772914773049,0.4705672158245305,-0.6439736187440284
0.3825429232517121,0.3553607032937693,-0.2032373293749984,0.2206931641048072
-0.6849859467415952,-0.6282230213582406,0.2001799039944976,0.5050868492057702
,,,
,,,
0.1349079297900099,0.5135211778501212,-0.6608596119061753,-0.3844278073108226
0.2130226044156966,0.218150770902459,0.3846767267375327,-0.00116118097685187
-0.5815138665716615,0.5965948481811981,-0.2771227286481788,0.6753335117100736
-0.04713731129770798,-0.1725386396496228,-0.3295684450555735,0.5839284202220869
0.1154367177675823,-0.01268507769374018,0.08459971075044839,0.3918454166546168
,,
,,
0.6980790100363014,-0.2991796735879982,0.4031368199574151
-0.2414049035493654,-0.1387281649114994,-0.2241710548482941
-0.6008423754898435,-0.4326082555232095,0.5706676147140243
-0.3864754589717989,-0.5976059689061878,0.06769341745627078
0.1605433464284563,0.6612281650765131,-0.4454434776474089
,,
,,
-0.3804838729282086,-0.6799128034822663,-0.8062481114339692
-0.5229201508289748,0.1392466881723496,0.1021483052129725
-0.4521012520685139,0.08885250797753816,-0.7789770693481606
-0.06901448025855696,-0.4907652421381598,-0.006809363929112408
4,4,4,4,4,4,4,3,3
,,,
,,,
0.2387278308354275,0.5298236989441881,0.02455724600781397,0.2409766683962108
-0.5310536672424593,-0.4343508254873743,0.07825755517479177,-0.6337578712436223
0.08166482312288205,-0.6096961193119766,-0.4896437107629019,0.4391958028650604
-0.01316678491352247,0.4244044618054684,0.4421239891814577,-0.6199879316428253
0.3613810504125442,-0.1730303172989804,-0.5301599326931046,0.3286900503941326
,,,
,,,
0.6304706406798576,0.03004486869535866,0.4437964079853167,0.2834261275112058
-0.6075892635419753,-0.6407638401426483,0.5496949369713402,0.4510104447379951
0.4181655104698079,-0.625400901176872,-0.5599434325545126,-0.3279783148208484
0.312708487332345,-0.6263486402882903,0.1501508849606019,0.1851658427792869
-0.4171912294264318,0.2410828748294208,-0.09858041821105072,-0.3764120338322347
,,,
,,,
-0.4828693048148218,-0.3236130928564452,-0.1515591327846102,-0.5858436615666521
-0.3676007997251913,0.2415294205823937,-0.3730330255335497,-0.3189204395389587
-0.4567257285906832,0.6487140694446958,0.6719718167330179,-0.01680266993449311
0.1769523692048657,0.3559026907756705,0.07957831711714661,0.3158226472392919
-0.3644520491312594,0.4209951453646558,0.6573070900137912,-0.0796247171543904
,,,
,,,
-0.6152056992907068,0.3985161578168874,0.1688212424723102,0.03898901715788652
-0.3015158797364642,-0.5566851158597147,-0.4352645732903467,0.6417910820658015
-0.121388981845146,-0.09548777994330861,0.3970630979376031,0.5387081403837223
0.1401682682157789,-0.4936398943391417,-0.345023093622404,0.5027710099108371
-0.2521584882823544,-0.2715874637648857,-0.5140252988750749,-0.3595793019907241
,,,
,,,
-0.06793221821380369,-0.5036175712312336,0.4995578561804353,-0.003428361397572075
0.3532865315947276,-0.2126888868490013,0.4032387418839903,0.1145414412847259
-0.2336701306733485,-0.6948818389760733,0.03206919071696339,0.2432014590238978
0.03923046089400688,0.1139912176567503,-0.5297778616465537,0.03534540791460017
0.3605120288486049,-0.2136125188339096,-0.4986320453478399,-0.08310326650551057
,,,
,,,
0.5503414149482809,-0.3178279044004124,0.09965400631701461,0.5921472439009783
-0.1247020001925416,0.2933473074827004,0.3985958990379295,0.4516098372254961
-0.267055997950927,0.6083036589265852,0.2697597960641712,0.6836734185183401
0.2396099817818367,-0.6026680272617154,-0.5413539517480451,0.4097722275460847
-0.5074123158955619,-0.2975870981302357,0.5208131398143699,0.1603318661452026
,,
,,
0.2493952273509419,0.1897593911221065,0.1034574935181163
0.5440553610437363,-0.2302181555955739,-0.637933283936849
-0.5485906101907509,0.4410868965288011,-0.3726331385313056
0.05618512741088452,0.1516233022248794,-0.003745665327827225
0.5797806454105907,0.4787160526596521,0.5773222199419707
,,
,,
-0.6755625406183745,-0.671595331496765,-0.003333413622090661
-0.6680844549490066,0.5238301683413011,0.0007254232694800788
0.5860668258704274,0.3106258071606988,-0.3529393982742328
0.0740693047544875,-0.7840930555069168,-0.6998273249188059
4,4,4,4,4,4,3,3,3
,,,
,,,
-0.06386530556792336,-0.6186263439802864,0.5945320899766875,-0.10915015069622
-0.2293473381226784,0.01494063101487768,-0.5652050119752667,0.3810653879625817
-0.3238214573152235,-0.6920590339244935,0.1434153017574683,0.1886620403048913
-0.3915262683798702,0.09917662069774925,-0.629284049051208,0.1459118606717959
-0.2855330356458109,-0.0007524807289737375,-0.6458976215317142,0.3402983087008139
,,,
,,,
-0.004657398163875439,-0.1296140732619339,0.6602477165909932,0.2827377200591001
0.4969063499760603,-0.3203751048783845,0.09811726517600448,0.05943495937516495
-0.2900944622812291,-0.2709219364745472,-0.6212189496878983,0.4770548282242495
-0.02249878949543072,-0.07771759599733954,0.07706528854358147,-0.3583902885657302
-0.6335021520721827,0.5870252236386108,-0.2633807934839426,0.5262541877458441
,,,
,,,
-0.3604861461717699,0.5457153122916644,-0.4673072162447946,0.376659231131653
-0.007692964847378732,-0.216531991397214,0.3667822999884645,0.4949479663664347
0.3574253127514209,0.5854974976843444,-0.6850228083312766,0.1187720042160658
0.4747537880242121,-0.2224297441208664,-0.3986110115118203,-0.6042242944178943
-0.6475029187515459,-0.5818171122175173,0.3944992764091881,-0.07261845923370475
,,,
,,,
-0.2891742765207728,-0.6625419011350243,0.4544610032606287,-0.6110167837314083
-0.3133120611858688,0.626165658192716,0.2859154807872339,0.2119805157749253
0.4716321952704377,-0.09648468670234912,-0.6936425623430361,0.3893285805977826
0.07947587344531425,-0.547775484276001,-0.4766168244160265,-0.3650302692717254
-0.6342024707957882,-0.6706333922537789,0.3032669820120337,-0.4929979114020256
,,,
,,,
-0.2728109542191621,0.1767003420154433,-0.6329136022338159,-0.0328632979530426
-0.1507996910644289,0.3069675842458881,-0.1277877709997251,0.3539285791471406
0.6335774661151716,-0.05735345684922118,0.4079720530736315,-0.5310673848622244
-0.03047009556251627,-0.2766795067034337,0.2141975704585281,-0.1645500792784147
0.4691079287042748,-0.2123934250898875,0.4428367885943156,0.4571588470721593
,,
,,
0.6515956097314251,0.5223377271482377,0.3827306907057476
0.443868687407889,0.6376479988127886,-0.2068793728020155
0.6684337082200376,0.07051732738580357,-0.5281377695985612
-0.5357004826175296,-0.2458115253999212,-0.3812698124410296
0.04824167629555969,-0.09364469835577333,0.1496891184047216
,,
,,
-0.5114010232591296,0.09070228734526785,0.02904629276517027
0.5298056012022777,-0.385162366394657,0.03328969208116894
-0.5078396538524292,-0.2346392400392049,0.3390058835904061
0.6345189037934096,-0.3941372183636524,-0.5655231474420491
,,
,,
-0.2222947751755187,0.3872651757684972,-0.282836578865758
-0.1179079674508886,-0.5850236012308481,0.01752311770443743
0.06478233354544906,0.07665234665244378,-0.7822472998269452
-0.503143171704823,-0.8473965111326789,-0.1679920969486649
4,4,4,4,4,4,3,3,3
,,,
,,,
-0.4611668789427873,0.1775397080703147,-0.4782493822148372,-0.1944527794116869
0.4586056798990957,0.6763438244528414,0.4443735007673273,0.6853971176822037
0.683082536486006,0.01784830589662351,0.6610309191025707,0.3792582017623347
-0.281544942347181,-0.09230608944303186,-0.1300250232659622,-0.3618269091281541
-0.5017485009755063,-0.1910266753040476,-0.5559829260903827,0.6120852433688067
,,,
,,,
-0.04739784235283911,-0.2760916859446059,0.5427424595207628,-0.06178242720342211
0.04672609285813815,-0.4748248052953726,-0.6497182949374687,-0.3191941450298704
0.358785950519472,0.1649626503606904,0.613339269945498,0.1499039266269441
0.3620911531064677,-0.5721107892949584,-0.05504432941659197,-0.5250186716204726
-0.3181824837373728,0.519396679953426,0.5181342468838039,-0.6145446010592945
,,,
,,,
0.247051615943376,-0.03641368885153613,0.3498744045539909,0.319959873673213
0.4534776029001068,-0.4160251782760818,-0.07589781932978129,-0.1420059772394937
-0.4786341112690727,-0.1501477689425791,-0.4490594065223221,-0.01560869885382269
0.1670242854377276,0.0893463588918076,0.2355357826722764,0.07497478416031164
0.5678882046966965,0.3827033534818848,-0.6385579244141066,0.0831274381831546
,,,
,,,
-0.1888915515734569,0.5592691377866398,0.2613147211635651,0.5044015928630824
-0.6992899444052275,-0.08538702467780504,0.4492775998694511,0.4834500056165933
0.2938983114359387,0.6360638192783743,-0.6325837371713041,-0.07165814940651788
-0.6252986564678238,0.5997238754071054,-0.09023247058903439,0.4274279220669268
0.3721323794894404,0.07314725451255381,-0.2523666262179738,0.01184408920526942
,,,
,,,
-0.3828197974437519,-0.5617492460841372,0.4436843744368655,-0.1500628150748045
0.149000160138863,0.5317936581005184,0.3175743439143643,0.4071103685540388
-0.4621133261084504,-0.6405064527356442,0.566445632077876,0.5179026678239899
-0.2371766135818767,-0.5804679083131102,0.1397711761810878,-0.6648399122984915
-0.1380654176703988,-0.1976614542030733,0.6418486754749184,-0.2685666122452031
,,
,,
-0.0008594770351416293,-0.01408407462550989,0.5187737732847875
-0.2427810773781168,-0.1767154620773403,-0.5998950018006336
0.3931375088587611,-0.6739107782373882,-0.4797341807109345
0.008901747857445678,-0.2601590502521596,0.0103310652396597
-0.5742478701244798,0.02164141135684711,-0.1041367677766822
,,
,,
-0.6312582966983712,-0.2936851527665184,0.340281594703684
-0.7086316017296937,0.1890879206627253,-0.457213434664989
-0.5577597425706535,-0.6084473561594078,-0.6476700340332705
0.1861648852353794,0.2165570725761869,-0.1230043469189758
,,
,,
0.3195275874329359,0.01067710546002375,0.02556877776085672
-0.4182996352730491,-0.1241258590493057,-0.5747088336006591
0.3770689670707837,-0.01786171707219086,0.4380097904658854
-0.820266682146906,-0.6189244028215054,-0.5595157653696039
4,4,4,4,4,4,3,3,3
,,,
,,,
0.3260079031740151,0.09001979435762988,0.1706285320337602,-0.5972726610748271
0.4264660263587831,-0.5848695530722007,-0.1158786754933174,-0.6705183932969999
-0.0788098096077192,-0.4920971904904703,0.288469207795846,-0.6009586337121214
-0.1381036701349153,-0.02756004551527384,0.2921161763334054,-0.2500213229105347
-0.4584296906744603,-0.2154015915562344,-0.4265363240583266,-0.4393229472542179
,,,
,,,
-0.6075313495151834,0.6232198244897691,0.4830655431537775,0.5162919189289089
0.02889399150154335,0.2006346832752378,0.254630281802297,0.4624421270815752
-0.4401752685455739,-0.2128455913500514,0.5016698193808508,0.1712601000191696
-0.6240703179679569,-0.5616983640056247,0.3898485879910971,0.6872778048317374
0.6229967963256009,0.2313754654715692,-0.4819836626003903,0.1644704080504336
,,,
,,,
-0.419715323199388,-0.4277845370427423,0.03038865302517934,0.06021295743861611
0.07349042212035735,0.3096352514619177,-0.06655448053595525,0.3949442492113969
0.07345250037201465,-0.6962783523316728,-0.503780322638282,0.1807086335968967
0.6489149385448284,0.312985636434335,0.2612694707536776,-0.4372264295566868
-0.07473604456358736,0.07019478844260633,0.0122060194363085,0.04410425855384224
,,,
,,,
0.246646611196833,-0.4124553243106457,0.559602538512408,-0.5874824693112302
-0.6350158048649631,0.4610253128058006,0.01116059150273303,-0.05500363616952118
0.6692774570868066,-0.1102771157087734,0.175614721184113,0.4644258084772564
-0.5908372453641225,0.3662958689019212,0.5065177627159259,0.03110477848798415
0.5145967022336999,0.6687236123721539,-0.4552782506961652,0.1634845576084155
,,,
,,,
0.08959875781271334,-0.6914335406418529,0.5415379676611179,0.5807027236304567
0.2020574963483315,-0.5713052212523984,-0.1917393727065361,-0.3847115876388976
-0.3830299448438574,-0.01685618136032393,0.003134770305517754,-0.6968559274121879
-0.01207031014637207,-0.6149757598026915,0.6250664098505088,0.4947187692561025
0.6595680250591787,0.4618317878191882,0.6685110985104731,0.3738654634966271
,,
,,
-0.4422590261567642,0.401707225040953,0.09412268871172662
-0.6744688084111105,0.4463531660068382,-0.1943894268077405
-0.6261095208017881,-0.2456992720294606,0.3796161192645743
-0.5145277726723756,0.113175484597854,-0.6090831153293667
-0.02449606407208804,-0.03864951778563253,0.2837229830636968
,,
,,
-0.2464761896108192,0.6009813808114076,0.2864726325401559
-0.1682875957139375,0.009778786110253915,0.4537814018695983
0.02585031667122582,0.5279643318266766,-0.131054752335015
-0.2688254241138304,-0.2142060898186289,0.1864163546286426
,,
,,
-0.8393791183261579,-0.123042344036777,-0.4041710986469795
-0.6404454559579501,0.1726874291865269,-0.03913779215591005
0.02330443043847271,-0.841642933000615,-0.3666428143398538
-0.005674645582868938,-0.2518013388513057,-0.2761580591675938
4,4,4,4,4,4,3,3,3
,,,
,,,
-0.5023106219512526,-0.2322834029913186,0.398588585173718,-0.2953698412032449
0.3777084626617601,-0.6778690784296846,-0.5660355089471266,0.4701944072430787
-0.3704607928603639,-0.2489272552396242,0.3978994377020271,-0.2374056373427591
-0.02336608089933863,-0.6793877661963841,0.132373748307043,0.217425974170537
0.1499667752502089,-0.1696025206958725,-0.3720325075427752,0.5191314197444619
,,,
,,,
-0.6411122254082688,-0.2433219234049647,-0.08491414119781235,-0.04053230842380903
0.399576357307219,0.009259724027123483,-0.07928953977252517,0.2326665770618405
0.04392072995127093,-0.4279171831685702,0.01946808662858127,0.6593058554285197
-0.02117762798392155,-0.2055295254788089,-0.4402885617094711,-0.2461678531821487
0.530322543101763,0.3178624445807937,-0.6499583903957418,0.03195607259532339
,,,
,,,
0.347978183741424,0.1694519701825849,0.256567388437095,0.4066548836897943
-0.3351509010749657,-0.4362896174545685,0.6544484259010865,-0.5290473294053452
-0.5333922071033995,-0.6658323139535032,0.138928693517691,-0.005098648458213272
-0.2694510904177577,0.2862403578650143,0.03567196265754418,0.645902474688807
0.146959560676762,0.4138203818650507,0.639045386081565,0.6576682068454567
,,,
,,,
0.419413912577391,0.6192094844510375,0.205780079735886,0.2576686270811471
-0.1647363562959448,-0.6358506349982992,-0.6729369341569659,0.04745375424980289
0.05211255551791331,-0.04096565389755739,0.227191537439651,0.6239066766214324
0.651146336311509,-0.0004963586058703823,0.4197861194503887,-0.01145349038223656
0.2613065778691404,-0.6304833780099434,-0.2836458449096538,0.428207303332128
,,,
,,,
-0.2681931976662217,-0.5921104479187014,-0.5532968852648914,-0.3045837493892062
-0.08196659139123899,0.5659827513753789,-0.1608512338202823,0.1250131000542836
-0.5826830078076254,-0.0602282759678606,0.6603930431051451,-0.2457510977702731
-0.5529432389786771,0.2251184541523883,-0.3413148419658663,-0.3713625019168389
0.1897507308713607,0.04758171046223254,-0.2834527235425138,0.5625468594884172
,,
,,
0.6748622641297933,-0.6575592447433563,0.2873638553791859
0.07110437364747761,-0.2607533076471736,-0.6977846549805587
0.6837566695065742,-0.2393054093594913,0.09507643803666339
-0.2564751569290775,-0.6330655664696956,0.2059645859941786
0.5192212727411206,-0.2064550040481468,0.1436914140182978
,,
,,
0.5182993777654983,0.5871274565376475,-0.1906866550191688
-0.6550526936330476,-0.3879776258399523,-0.137892649327092
-0.04614750291566944,0.3107270377232853,0.2208785693972835
-0.5489982425704955,-0.05951024132659859,0.1482558034634308
,,
,,
0.1441871695602903,0.2490861019746471,-0.7512862555874721
-0.2225121347312903,-0.3481203533537857,-0.3455524478835061
-0.4375617463611681,0.01862863072695602,0.5584966258068619
-0.2152358105652821,-0.5834718685220974,-0.6709899613731163
4,4,4,4,4,4,3,3,3
,,,
,,,
0.1504262367693297,-0.0731718286994629,-0.400860321445999,0.1787259030288048
0.03738447275969714,0.1597829296377987,0.2030545657167319,0.007088859761628075
0.1842733255803838,0.1830343411204526,0.5452030312898287,-0.5040778522123257
-0.3762360730243297,0.004133314482414101,0.6016627500203631,0.1520536476146527
0.3252061464313098,0.2547860268768644,-0.3023372497193816,0.3005592655912243
,,,
,,,
-0.6398400320334555,0.1134305577854269,-0.06272035389871393,-0.2276814780102955
-0.4586891169157147,-0.08265815047018342,-0.5230318735079241,0.1346132440603252
-0.002405467951198198,-0.009247993605570186,0.04215130843310946,0.5012037546819356
-0.6663069923989132,0.06461082393708605,-0.444578589700614,-0.4182225656049267
0.1481856077721895,-0.4364700942826245,-0.466167925991462,-0.3744377393468263
,,,
,,,
-0.5531821309203647,0.3063796997361141,-0.1408700689118335,0.003190355540243357
-0.1090528597293446,-0.4796126760899928,0.6251791094239044,-0.2837116794593511
-0.1075514052983991,-0.180377514778263,0.4933131800550409,-0.3310488031667118
0.2914613414339619,-0.5670732324180154,-0.6320221522148104,0.1577249827689433
0.1333674100040877,-0.005186980391311605,0.3004872199078388,-0.5320434766466986
,,,
,,,
-0.4876194680009939,-0.04083889874871421,0.001037751176756471,0.4640102217961888
0.4774487910506802,-0.6451848765217114,-0.5818257637985919,0.3563462627871687
0.507804382408551,-0.6540510497846999,-0.6852123857414963,0.4951808006753981
0.1512856244777878,-0.2737006885854922,-0.5327693612672553,0.3781586735618658
-0.6700906338752501,0.3125004745635108,-0.03423654485952444,0.6930587887013643
,,,
,,,
-0.3009585973881843,0.1332413557901178,-0.4101868232307667,0.3416222348539379
0.5618090668718944,-0.3854361922749881,-0.4211787959089712,0.06123201581167773
-0.09820075216970754,-0.4796042670863256,-0.1036536918739012,-0.3913132519964229
-0.5565870478129729,0.07741631589460991,0.4088948411288561,0.2383716809183104
0.5803431797098257,0.3412970044161416,-0.5586020426649643,-0.6145221920466685
,,
,,
0.01742465098478153,-0.5928725818912555,-0.06698992362340338
-0.3097884046308186,0.551074134448248,-0.03596662201798966
-0.6722670350692492,0.3188949986140868,0.2072650698397613
0.5032468409135833,0.6613924909032676,-0.5881851849593885
0.3826132768847464,-0.3973987996169616,-0.4233040317797483
,,
,,
-0.01065225487914982,-0.3783344188689929,0.673605122849826
-0.4841339335660324,0.2622160029371283,0.5032386661310987
-0.3447234266344394,-0.1431307189682394,0.1860756662241054
-0.2835518636158222,0.6797075788119855,0.01987095059877784
,,
,,
0.2085022144327426,-0.179252751826676,0.002662494974979415
-0.8510963880727315,-0.3198375927017663,-0.2015781364393226
-0.3580338190879508,-0.4816691293271674,-0.1424030331943406
-0.008123293615878251,-0.12924224989064,-0.4265813471158164
4,4,4,4,4,4,3,3,3
,,,
,,,
-0.3271314639973765,0.2762877022669966,0.6937957780207228,0.2226675633082882
0.06609013952320519,0.3943285625456824,-0.1923430345277486,0.01145889541990225
0.6044367729020318,-0.2920583225730354,-0.3320543504148364,-0.1732911234810046
0.5693054747595561,-0.08316327296767882,0.02914885452928167,-0.539076424298337
0.4328638962823448,0.2323879919507205,0.03577961383753973,0.2032646679324846
,,,
,,,
-0.07131954042414405,0.05151262827950614,0.06089522976179564,0.3710588420052215
-0.1779755732835392,0.3251805095568449,-0.2749159014898093,-0.498595895541237
0.3029200791362701,-0.5168988102425519,0.4707972775928382,0.2415405525151261
0.01325013461042525,0.5108753545471604,0.1453555203236087,-0.3520366454830195
-0.2945764425442378,-0.1074136670389156,0.4239371834104472,0.2288358590607124
,,,
,,,
0.002749226525631931,-0.555649823090387,0.6412514011934956,0.2270358832978368
-0.4690127917637743,0.6262469700122979,0.454209830190403,0.1665533139772032
0.07969803826013631,-0.2886103172453804,-0.1811241629802386,-0.298108594877688
-0.4617217645130727,0.3898610136208003,0.1025088665567067,0.5478073155467064
0.6880226014140886,-0.4094442664174522,0.5365505381930374,-0.3059534278222252
,,,
,,,
0.4697512982033563,0.06383155055418245,0.6912394163095635,-0.2577894735917808
-0.1599253201373137,0.3465834775645035,0.3498939688834693,-0.1913088864321005
0.2234687537414914,0.5100042345063269,0.2881462491029762,-0.1811950428106376
-0.136999741847562,-0.01511336551730372,0.594387367015526,0.5483799722012161
0.4405777532379286,-0.325188518498521,0.0891903432409846,-0.2956993488606111
,,,
,,,
0.5408720534666035,-0.06625416100679869,0.4468898875603719,-0.002126374462842327
-0.08074019216078578,-0.287767534153377,-0.6044972038092458,0.5614166972158448
-0.086887689161136,0.2356386999676091,-0.4646314137912606,-0.6744070596901863
-0.4999228568215396,-0.4135886540421847,-0.5952076129793067,0.3902898549187489
-0.5772182673069182,-0.1630237360423314,-0.3636076629043532,0.3801707918689132
,,
,,
-0.3611647514649546,-0.02782668558918554,0.1034963362416437
-0.4335717929346832,-0.06424773744940775,-0.2128832214104326
0.3512813674280511,0.2022275291948344,0.5106125793250675
-0.4768816630598373,0.4374393604583515,0.5255425112613835
0.234806025800721,0.6356859823951967,-0.6407499864389493
,,
,,
-0.5121654453860671,-0.3461652565917813,-0.3959446235152635
-0.354844089411072,-0.0921085894505928,-0.4188112702625124
0.546657584086446,0.380008216278086,-0.5810265292582609
-0.06565137323586762,0.5087755735948615,0.2407234424502414
,,
,,
-0.6584278604937458,-0.6031106171741687,-0.7420902040715792
0.1107736118979261,0.02421651905857378,-0.2557632453269519
0.3590975781326582,0.3081228113073112,0.07766538444191035
-0.5734273148368776,-0.4915444804605369,-0.3763145306884517
4,4,4,4,4,4,3,3,3
,,,
,,,
-0.09464280553169389,0.09635233949177023,0.5639033697237558,0.6771720307835938
-0.5388622656348668,0.4045556669112367,0.6517152492262327,0.02869203170942058
-0.5407914833888013,-0.1242878396363642,-0.1413286120834949,0.1285733746191096
-0.6304618317985073,0.09191423744066574,-0.6016807937444759,-0.6701891843183848
-0.6575187101296047,0.06172567819067234,-0.2181709423481009,-0.671898604960225
,,,
,,,
0.3010444553088858,0.20033987575329,-0.4428658994984141,-0.2061044866251996
-0.3915424409789441,0.4211120351445288,0.4300377281473562,0.04018491851769886
-0.3959142393043105,0.554165802057516,-0.6105062841653885,0.4773386759159126
0.05640580205659567,0.1070464849312208,0.33773992236224,-0.5934568435834001
-0.6964865051324288,-0.3441670302189695,0.03654207188397667,-0.6869499371422756
,,,
,,,
0.4561275981681703,0.1189984329482243,-0.4628887106765755,0.6751934803182175
-0.1244261788438485,-0.6844938615845683,0.04523286009587297,-0.2709227364401816
-0.1931977013635585,0.4800031476276298,0.1233470266943917,0.1799376249489135
-0.3540225518628686,0.6237173011252503,0.3929575017792012,-0.1714473289010653
0.06006282783637048,0.4248556893205905,0.4198247847623681,-0.4701550294301185
,,,
,,,
-0.6005345904786409,0.009145536842028503,0.2156590188858487,0.1794700586697991
-0.5749748660262365,-0.4213640291347887,0.1526415585163888,0.4125028894307482
0.09606195003051503,-0.4218083979506898,-0.6432325775403877,-0.4703345263641642
0.4216980806301051,0.1461515704530102,0.607733220040118,0.1877212376547489
-0.4253893955283559,-0.6538039722180867,-0.6764434770375761,0.323907080148086
,,,
,,,
-0.284068335146123,0.4276475264093751,-0.2140276957394338,-0.2535327761195351
0.6207537937779511,0.2988459950333398,0.1588622421737068,0.1771472350589494
0.08161239871802459,0.2291782027564252,0.4430010029341875,-0.4043919715678972
-0.5799498606209862,0.580924759846318,-0.6574952221393645,-0.4799389506609532
-0.3696425867349961,-0.2740033159414023,-0.5368760298159787,0.3528890492519114
,,
,,
-0.5592942934191939,-0.0962704631018545,-0.5661412526797859
0.1667787566559485,0.5502599323949975,0.7010762683041458
-0.5348915414174065,0.4881031814673987,-0.2611104232729689
0.3003552420983303,-0.3496361752293122,0.5236762916301478
-0.01788798005552984,0.4436414984210587,-0.3124567054775358
,,
,,
-0.4646351006302386,-0.2811784623156681,0.4740835182007747
-0.217653332433835,-0.5588542032062411,-0.1917002053076952
-0.5121492108200196,-0.1522404504903042,-0.0649421963911351
0.5550934620345829,0.4714678511037068,-0.2125569643720544
,,
,,
-0.5858672222529501,0.1419185762984092,0.2047812685546211
-0.4553588683441381,-0.4669289500186932,0.01329019863928691
0.3515151726930421,-0.3308410842553048,-0.6512846228687588
-0.4493632201783805,-0.2463630840682966,-0.5540178663167428
4,4,4,4,4,4,3,3,3
,,,
,,,
0.4516415201995558,-0.2127241692464272,-0.03834083396794009,0.1990736273424297
-0.004136953444279937,-0.03452746879558741,0.6934404167671601,0.01394501306001054
0.5664661264845323,0.002935772177659048,0.04338504435252784,0.5308742141406607
0.4114076984477464,0.1233419666552585,0.5453566199851347,-0.6287390524998572
-0.5109087691741494,-0.6576089317976709,-0.07849362448743503,-0.4077223485330337
,,,
,,,
0.5396476871729625,-0.2498060166098043,0.07980694398483683,0.05460939138966357
0.4186228934182562,0.3136026861348215,-0.4553695918495382,0.6682161220935139
0.1767534531623874,0.5550038561705901,0.1057719982701159,0.1797979550120863
-0.5257981955968444,0.2198118222906864,-0.6678262284391074,0.3100715940189989
-0.4345654929776431,0.6314985162496333,-0.357031208160873,0.4927664790074895
,,,
,,,
-0.3847726331444884,-0.2467783842722946,0.342725587654679,-0.6417906851266882
-0.2054285257042032,0.3451446856973546,-0.1751974761864087,-0.5626650825154184
-0.5275493646127837,0.3407066958320253,-0.00858017052457693,0.6277461365288951
0.06569190198509128,0.5057814466927878,0.09278096833021289,0.2651035414982097
0.6505927450506922,-0.5189207270806111,0.6717646521352264,0.1606967765232139
,,,
,,,
0.5343744691687872,-0.1544555536773015,0.2791868838587824,0.5860597519748073
-0.2465352496549945,0.3214379338727987,-0.4273237990241837,-0.6320552310900382
0.2845932358643867,0.36338928225045,0.01138679960915334,-0.06319504396103783
-0.03830983222795795,0.1646966573412745,0.2928169508076404,-0.5874263656984483
-0.4890070881873393,0.2036038951426636,0.3672115425067214,-0.5878473425118678
,,,
,,,
0.4544741679851926,0.4800395754096036,-0.3573635085075833,0.4445203401382412
-0.3177007873892863,0.4608107540081,-0.2861015130949006,-0.181117579221884
-0.6081930413192638,-0.04131763715378695,0.6790726048564492,-0.6487429384743743
0.6618889495683786,0.6525291157436263,0.4540577821582741,-0.1995587929917334
0.216562678971037,0.07085509557160762,0.06599217258535608,0.4779563744865056
,,
,,
0.1235146880544859,-0.5491586602763461,-0.0301229885527774
0.4830825456574435,-0.07960668909740179,0.1345940799522416
0.3128358292342522,0.3405346974066535,-0.2862189400402046
0.07773773330842915,0.5611293322836237,0.1950906086777719
0.5824126756921623,-0.6746010758579494,0.1683064515447605
,,
,,
-0.1341071738797874,-0.5437736203879352,0.4222038625016026
-0.2741447806243029,0.5374088356112811,0.4502252272638831
-0.278375828650378,-0.1689547000169713,-0.3646497251607853
0.3333717398463777,-0.5682817453624533,0.086500874685321
,,
,,
-0.7130168194963833,-0.4436202760417669,0.1798846849297356
0.1795011224775207,0.4171391676321482,-0.6100066188543202
-0.2073891937528931,-0.1511038274039141,-0.8509117607852164
-0.3270069725685672,-0.4956311199831634,-0.05327544907963781
4,4,4,4,4,4,3,3,3
,,,
,,,
-0.02150707051075521,-0.01141431821221457,0.5884562480394386,-0.4594755132268901
0.162392774191802,-0.2764727653822686,0.6707804019385183,-0.1812460801526476
0.417902171609848,-0.3690543659643011,0.4935979830074853,-0.4085384292944755
-0.5864955193618333,-0.2146566463939436,0.1983041924459642,0.5712083036018701
-0.3399212201895326,-0.471777311165285,0.3444073334510289,-0.3318979949147901
,,,
,,,
0.252499658559398,0.5343140853821108,0.6446568201951534,-0.5162736681425316
-0.6234509752421205,-0.6116992924929043,-0.1395323057110857,-0.4996015333107029
0.5697648021890402,-0.226292268523165,-0.04024433335087219,0.5347585310141066
-0.3983598085485302,-0.6143229094839121,-0.6556746198672557,-0.6190522264067767
0.1161477502479881,0.6112687491052111,0.1308914862277223,0.6527130883186673
,,,
,,,
-0.5248076428263508,-0.07714834689685467,0.458742218846369,-0.04492127220282337
0.4892367194518217,0.4268503532552574,0.1374547491210893,0.6487465139318838
0.396241710307871,-0.1435737153439498,0.2601624791552464,0.05253114911200184
0.6358011018856601,0.4235810204619222,0.2020898977540198,0.5146071330261441
0.5012576913702718,0.5091041844763714,-0.4702189232828893,0.3634030796322242
,,,
,,,
0.07693507053761298,-0.482241211677294,-0.04364606376014614,-0.2718713903052718
-0.2663893587719426,0.5501172944779208,0.4682436670151032,-0.3070612472782748
0.0794105105112714,-0.3517656985104056,0.3114463897556006,0.2841072483979359
-0.1550929670787173,-0.4669937309866276,0.5172111177018713,-0.07826931530923974
-0.1900851496488885,-0.5685520541221933,0.5189462521957835,-0.03249582727553342
,,,
,,,
-0.5264790879936985,0.07209172072093316,-0.0836454423926995,-0.2160232434787949
0.6505912188927909,0.6085286965729236,0.06224180877843247,0.5771116867457766
-0.08628290633074397,0.3063875342694588,0.5292810170401129,-0.6979492896179066
-0.4852837780025063,-0.1713197722707288,0.04254437223450287,-0.5276077619722873
-0.5850470762955312,-0.4248740609800005,0.3168704611464543,0.6720658908698989
,,
,,
-0.4551808617455687,0.6485702328418859,0.5202135151394575
0.5476513981076655,0.1766374556739981,0.2663644657174385
-0.01440087592912657,-0.1148318178130552,-0.09116494417535029
0.4691161446639756,0.5242976391468223,-0.2075490837493488
0.2732758072325996,-0.03433684856542291,0.08696792121414548
,,
,,
0.03786827445029222,-0.2815598272535059,-0.03184066468130065
0.07080007285674529,0.5696039266519345,-0.5517765408988251
-0.06290324583964284,-0.3322414064697651,0.08067477064561743
-0.6370096254436367,-0.215861273438946,0.1109078672326912
,,
,,
-0.7303945214278464,-0.06861460186820886,0.1263135628875205
-0.4224207076567568,-0.6957299694003305,0.1945695613935295
-0.3225794078357049,0.3502204299116631,-0.870088160849937
-0.05912647415459085,-0.5426992743035234,-0.4538546078642098
4,4,4,4,4,4,3,3,3
,,,
,,,
0.09315455838747864,-0.6249521600326554,-0.143428923151412,-0.492933334174669
-0.3122410928091895,-0.5235904973885627,-0.05215279408723249,-0.6572225734117096
0.3146097586051826,0.4913601774916654,-0.4526190004007746,-0.03768809086153589
0.4898482906850979,0.635201722487745,-0.2916469439426993,0.5005162595443449
-0.01853052828945583,0.1443946574361465,-0.07271961466622807,0.1285190320427733
,,,
,,,
-0.6856307914328588,-0.6290457742073486,-0.6788313503916946,-0.484828000924047
0.3247830841124837,-0.100775110869739,0.3539679415531098,0.4496316317973276
-0.09822586398862461,-0.1913688334712849,0.2818970872396321,0.6257171782519622
-0.1249298099968495,-0.2265288842869867,-0.4232184050127044,-0.4241460775493051
-0.366709486388182,-0.02128166523901926,-0.1060789327789145,0.07160732732185934
,,,
,,,
-0.2770401876447442,0.1357567276972341,-0.4355624159378786,-0.1280345626358061
-0.04113937725204075,-0.09231434150497701,-0.3908620199000256,-0.3637757618739487
0.2016722302898055,0.2260207987383522,-0.5371429702022401,0.3942821987926198
-0.197005776090306,0.2714336447076,-0.6750662281175305,0.1736464741723821
-0.1587897772143762,0.1516223766502805,-0.5948407223323301,0.1494544285184312
,,,
,,,
0.07996285481191213,0.6961488492800817,-0.4640045933514813,-0.1046706124288621
-0.280262123241629,-0.190244857787194,-0.5550186061585676,-0.5374294429098591
0.01104611147956723,0.01797910501900598,0.6539002050580488,-0.4981409763686335
0.2388644510783027,-0.06894360684456885,-0.2931861177643886,0.04794905523075898
-0.6866689495177669,0.4936186268722774,-0.6536344698193264,-0.4988592890271957
,,,
,,,
0.5486159500280755,0.5527576242454618,-0.2534333429552321,-0.1660864006322076
0.5022150018338908,0.05074867004366976,-0.1954367492303923,0.3175043639159807
-0.4781853986426738,0.08064063789546079,-0.5057463868161594,0.6248256384623357
0.4981775222225835,-0.6172862256304911,0.1707182388399818,-0.07277921641468266
0.2326643713599474,0.08088479332591217,0.5469919895314272,-0.08013868410312622
,,
,,
0.147177797931363,0.5787950488259707,-0.02658884711461078
-0.4891609735296045,0.3781355392377275,-0.4200902014489395
-0.1659917993575889,0.2856701512488832,-0.2506838211116471
-0.08931704151636967,-0.5444446106160338,-0.0899684504041554
0.04808353221510701,0.4175165267851933,-0.386719831255783
,,
,,
-0.08151598935977701,-0.3441672560960276,-0.040512303230089
-0.5278420758484357,-0.3641530645077014,0.02359918278375346
0.3997318871775168,-0.3201844519241701,-0.3816540262628149
-0.462376163006247,0.5438745091760669,0.1456030734318862
,,
,,
-0.07007318734715483,-0.5931117782983875,-0.01080590914496423
-0.2810263795071808,-0.7532089498955106,0.3264390953294142
-0.04812837599417708,0.5140192910191081,-0.5851885756556693
-0.5030308178763573,-0.3794661245004738,-0.5593459874830606
4,4,4,4,4,4,3,3,3
,,,
,,,
-0.5023106219512526,-0.2322834029913186,0.398588585173718,-0.2953698412032449
0.3777084626617601,-0.6778690784296846,-0.5660355089471266,0.4701944072430787
-0.3704607928603639,-0.2489272552396242,0.3978994377020271,-0.2374056373427591
-0.02336608089933863,-0.6793877661963841,0.132373748307043,0.217425974170537
0.1499667752502089,-0.1696025206958725,-0.3720325075427752,0.5191314197444619
,,,
,,,
-0.6411122254082688,-0.2433219234049647,-0.08491414119781235,-0.04053230842380903
0.399576357307219,0.009259724027123483,-0.07928953977252517,0.2326665770618405
0.04392072995127093,-0.4279171831685702,0.01946808662858127,0.6593058554285197
-0.02117762798392155,-0.2055295254788089,-0.4402885617094711,-0.2461678531821487
0.530322543101763,0.3178624445807937,-0.6499583903957418,0.03195607259532339
,,,
,,,
0.347978183741424,0.1694519701825849,0.256567388437095,0.4066548836897943
-0.3351509010749657,-0.4362896174545685,0.6544484259010865,-0.5290473294053452
-0.5333922071033995,-0.6658323139535032,0.138928693517691,-0.005098648458213272
-0.2694510904177577,0.2862403578650143,0.03567196265754418,0.645902474688807
0.146959560676762,0.4138203818650507,0.639045386081565,0.6576682068454567
,,,
,,,
0.419413912577391,0.6192094844510375,0.205780079735886,0.2576686270811471
-0.1647363562959448,-0.6358506349982992,-0.6729369341569659,0.04745375424980289
0.05211255551791331,-0.04096565389755739,0.227191537439651,0.6239066766214324
0.651146336311509,-0.0004963586058703823,0.4197861194503887,-0.01145349038223656
0.2613065778691404,-0.6304833780099434,-0.2836458449096538,0.428207303332128
,,,
,,,
-0.2681931976662217,-0.5921104479187014,-0.5532968852648914,-0.3045837493892062
-0.08196659139123899,0.5659827513753789,-0.1608512338202823,0.1250131000542836
-0.5826830078076254,-0.0602282759678606,0.6603930431051451,-0.2457510977702731
-0.5529432389786771,0.2251184541523883,-0.3413148419658663,-0.3713625019168389
0.1897507308713607,0.04758171046223254,-0.2834527235425138,0.5625468594884172
,,
,,
0.6748622641297933,-0.6575592447433563,0.2873638553791859
0.07110437364747761,-0.2607533076471736,-0.6977846549805587
0.6837566695065742,-0.2393054093594913,0.09507643803666339
-0.2564751569290775,-0.6330655664696956,0.2059645859941786
0.5192212727411206,-0.2064550040481468,0.1436914140182978
,,
,,
0.5182993777654983,0.5871274565376475,-0.1906866550191688
-0.6550526936330476,-0.3879776258399523,-0.137892649327092
-0.04614750291566944,0.3107270377232853,0.2208785693972835
-0.5489982425704955,-0.05951024132659859,0.1482558034634308
,,
,,
0.1441871695602903,0.2490861019746471,-0.7512862555874721
-0.2225121347312903,-0.3481203533537857,-0.3455524478835061
-0.4375617463611681,0.01862863072695602,0.5584966258068619
-0.2152358105652821,-0.5834718685220974,-0.6709899613731163
