4,4,4,3,3
,,,
,,,
-0.4884952248971658,-0.5156013457986182,0.03596407260959911,-0.3662482364737983
-0.02827375193986137,-0.405224052152857,0.3520110681318374,-0.4060304655735264
-0.3972526224293544,-0.1241849661528117,0.2762220486822294,0.5357283210363348
0.3606381059152239,0.6934494269820399,-0.6693542483594112,-0.4352031140978971
0.1163383441923403,-0.4586368346541201,-0.07244798021596165,0.2933109621948198
,,,
,,,
-0.006383493568656862,-0.09316189892255244,0.6552800175458997,0.6316628380968601
-0.4361041922026199,0.3863206876813901,-0.3632929968776757,0.04887263312299772
0.2561797112089954,-0.6487296524564565,0.6735155700661586,-0.5271183270258635
-0.3583696079660582,-0.5741938624131468,-0.1052695015969478,-0.5371380153055245
-0.1474204031689331,0.2234469059016798,-0.3593303962157522,0.5486773903757192
,,
,,
0.391122452275608,0.5641627101884177,0.1394354291540478
-0.1921934250280355,0.08683607719771425,-0.2132204484102911
-0.06104758707044144,0.6144803680878592,-0.6100899103619095
-0.6555519293151471,0.2766006077214309,-0.3629702282663331
0.385779589155564,-0.3687201261796893,-0.2671881152393211
,,
,,
-0.6749883085601922,-0.1374194178263342,0.4540930887906633
-0.6930386206629576,-0.2396991125380107,-0.6497512692182421
0.2833360099888595,0.4620019937795343,0.08906207382475229
-0.002968319501382904,-0.6178390193105666,-0.5696404471038243
4,4,4,3,3
,,,
,,,
-0.131475337946783,-0.5608924401363422,0.5516909118000832,-0.3528299194132637
0.2264183284641701,0.4320110860588922,-0.4693536530635952,-0.07640911967947761
0.2743507681005709,0.06975749621952809,-0.6209080583364327,-0.6064745783784289
-0.4366337945552035,0.1872048363965731,-0.6825087138429832,-0.1404385111803269
-0.05189691030016468,0.5054644085973888,-0.09378206427012348,0.4399549074389588
,,,
,,,
0.04333570557546562,-0.3150493671457574,-0.6675066067505878,-0.0842172607553543
0.1515531256498461,0.3782683762667569,-0.3685556329985984,-0.5684726285438602
-0.6300943572073363,0.1016551431727896,-0.612184030734146,-0.09831670437245277
0.09285322241091232,-0.4747936543498923,-0.3971579247553286,-0.510250029058949
-0.02267960656777811,-0.5844335817718467,-0.06331526049516284,0.5709072972022363
,,
,,
0.008209570610169248,-0.2053915913510447,0.2684840048384577
-0.4846298815909328,0.364870460321149,-0.6135238415260541
-0.5914999557209675,-0.384728840445185,-0.6189738872126599
-0.09362422777670643,0.500509310187083,-0.3545214201761586
-0.6984142947132755,0.1829671802392797,-0.5019626457859044
,,
,,
-0.5434216096467301,0.3948737785932335,0.1341523861872433
0.3838280889167633,-0.1902579992787568,0.4154305841455712
-0.07636499738397251,-0.2052310547859436,0.2598306218665366
-0.7653902526497933,-0.6231426068972137,-1.044036287310432
4,4,4,3,3
,,,
,,,
-0.3750760630091493,0.2224144845418518,-0.3705921344996416,-0.3026386068331727
0.6188396695624583,-0.1314511909978116,0.09173194286365771,0.6758600373170514
0.5261705852631211,0.3660039741581587,0.4116287309183559,-0.26378278057117
-0.1093226594033565,0.2756799379093006,0.4093058293572658,-0.1369643465288701
0.3608335324227778,-0.06487893073953939,0.5667783223075163,0.4761233322752469
,,,
,,,
0.1460301763501963,-0.2956284115446155,-0.5622700484280712,0.02979735252088633
-0.3171073537540866,0.4723779490061533,-0.372823600321226,-0.3250515910495193
0.2454267293656034,-0.6479296661057139,-0.192542923583705,-0.604093089490035
-0.6690706217776717,0.2589803783334315,-0.2358767650927867,0.09189045745445201
-0.3373816276404243,-0.5269401269402259,-0.678080928848712,-0.2381705505357419
,,
,,
0.0438481744168191,-0.5089767900984428,-0.3301240654562878
-0.4679517276515359,-0.6780143575770641,0.6868000656205751
-0.541511513404734,-0.09099100602170218,0.05404597195035632
0.3582761702683006,0.404338579172997,-0.1498551661544375
-0.4441031677199388,-0.2547038270257373,-0.03970341310037243
,,
,,
-0.09117005749758156,-0.2774237776773483,0.3707895042222937
0.4138852628693603,-0.5670682325508095,-0.2993739023948901
0.4393353394234223,0.4782982766544754,-0.6690313672151348
-1.032128448949671,-0.6301335694998418,-0.3745218409709524
4,4,4,3,3
,,,
,,,
-0.6020244970121436,0.3502577451841218,0.191638710953997,0.3097466999281389
-0.4533125678436958,0.6629915586076633,0.697118131762686,0.1347973609806846
-0.3029321809831909,-0.6791929242713192,-0.08238242112494309,0.679696917691119
0.5542339857106358,0.1072813552511395,-0.4738500951563004,-0.2805450461866358
-0.4852671804138807,0.2868365615936168,-0.4415560720414805,0.6314567123319708
,,,
,,,
0.3167603478362131,0.6209287535810717,0.6201944335648621,-0.5712495711441672
0.5204538157038576,-0.618015406787179,-0.4494921149810804,-0.0416714675709875
0.5107480601446452,0.1532292371682843,-0.1407226761168688,0.4860784391968571
-0.436232615733368,0.1881219076962466,-0.6434657200958719,0.2610966310247067
0.51464409677232,-0.145244194559132,-0.692062652823674,-0.4574305665986347
,,
,,
-0.2819126672174571,0.2308093776676076,0.6148460554751785
-0.3734017212891604,-0.4181289860447241,0.2598928966859283
0.6565162051037761,0.08595453452497537,0.5604973552039809
0.3216703089352624,0.2903473342998842,-0.1114856202736848
-0.6075549487046091,0.5569779345898856,-0.01678557885023768
,,
,,
0.2104104486551129,0.05647930653873245,-0.3983661461388101
0.2843060627344801,-0.4934559713691912,0.5773116643917864
0.08242673369711584,0.2613687050732036,0.3596900175479716
-1.006150721157458,-0.5457421084119122,-1.178433089598142
4,4,4,3,3
,,,
,,,
0.04430147198574497,0.259532981311518,0.3859131006376708,-0.1623195079471277
0.4735900881762616,-0.4536433063692297,-0.6900303124978624,0.4605327109434951
-0.1695568603046393,-0.6125148216450758,-0.1913648986206137,-0.6411838652376911
-0.6760031345556983,-0.6913164520599965,0.5149478237270873,-0.4928307564294465
0.6665067184028575,0.2375510304368592,0.6947550847653273,0.3829150016381103
,,,
,,,
-0.3117603751127605,-0.5751169976249809,0.3737102126439358,-0.5869667456852842
-0.6449166289663213,-0.3742397880261066,-0.5575750901951139,-0.1030027003525111
-0.05037420970827344,0.4696442268355787,0.646209839310711,0.4032201740724268
-0.5385780084014378,-0.001980838862935763,-0.4077713066076038,0.02649629442048618
-0.5213186933818711,0.03581474031928854,0.3492221103888301,0.8892949793198544
,,
,,
0.4593274083511905,-0.3749539546245839,0.6123793165011113
-0.2580433862437667,0.5390460505059538,0.1417452898708434
-0.5758376615866996,-0.3791396767734049,-0.3599082341323617
-0.08703947942255075,-0.5123661023470684,0.5172804835231317
-0.8153883152277734,-0.5438177396382911,0.04138989568114756
,,
,,
-0.4586612608410314,0.4883168369573749,-0.06530113474081645
-0.6909984443567241,0.554196664439019,0.4533258656971688
0.3086906262953355,-0.1859295087226003,-0.6641093636589287
-0.5951199294215612,-0.8397872702781114,-0.4106992691476701
4,4,4,3,3
,,,
,,,
-0.5697068821076922,0.371422001003693,-0.5735675900574709,0.09448097049225657
0.3138302586012012,-0.2478121719255927,0.5261310833311181,0.5811148736486142
0.5152883279381357,0.2898330568894179,0.528635718745053,0.05111025785941581
-0.2721243584299751,-0.244505470465399,0.06681742879190267,-0.5388735598709959
-0.1014804659141616,0.3186172780059395,0.1324409419592389,0.2346014131543626
,,,
,,,
-0.1334908581983097,0.6065617929127585,-0.3701773927520641,0.2214946093904128
0.4863491201348418,-0.2710695683479111,-0.418125254642461,0.04050351647650785
0.3602205189108565,-0.6598438077697807,-0.1003977679110093,0.5013284355989718
0.2540010562677948,-0.08659776714220235,0.1949681733017732,-0.3449689139044315
-0.2852737674271217,-0.09520028343030344,-0.6179228210440448,-0.4575718749819491
,,
,,
0.6748434884071903,-0.2671892571212841,-0.4310893077947673
0.50256594708044,-0.09809617511613633,0.0002009328847747405
-0.4326263469711239,-0.4338468937664273,0.08054878307987645
-0.4407707776941885,-0.5749412185249401,-0.1062593038911674
0.2992372359304563,0.1368076288784658,0.3616837438257487
,,
,,
0.6599328967844016,0.3136634304506731,-0.1418639190652801
0.05422897508783986,0.4278693404935872,-0.1924266948138099
-0.3270912117597463,-0.3377533756141819,0.2102366074206579
-0.972740467678331,-0.8911086048910319,-0.6336546736673659
4,4,4,3,3
,,,
,,,
-0.2366641397734942,0.4210914522215397,0.5512553299241463,0.4019696374990909
-0.5626686632260669,0.1142254645255579,-0.6170217417013933,0.4793106453157807
0.1956965031888647,-0.3042813274885987,0.6446579504552223,0.2574360816217068
-0.06026490888795277,0.3783260825697001,-0.6747714877662028,-0.1783132982734594
-0.5843942622829409,0.4108276756475542,0.5033082993404395,0.6593871472678537
,,,
,,,
0.3485642679652787,0.02732628610521948,-0.3353692271910376,-0.05702288811944589
0.1259336079634827,0.1211988020401621,-0.2326153534216849,-0.2774377399145075
0.5482417031771722,-0.6479618308067093,0.5508972912438517,-0.3388927203876413
0.6997471503363202,0.589766974783688,-0.6152532807150741,-0.1753127304724635
0.1899060601196991,-0.2624682366764911,0.0407730073127783,-0.01239421344356087
,,
,,
0.1366840465951978,0.6411369170053904,0.2871579579789958
0.03915265540542534,-0.5237840628885987,-0.3259543246277111
0.04236984935409194,-0.4070008709999117,-0.3028602679522323
-0.377104745949033,-0.3659239885140398,-0.09898572048084642
-0.3212088179094554,0.568075003809105,0.616162492307967
,,
,,
0.2724936513749009,-0.6934912087601316,-0.02877630814010923
-0.5633934532893823,0.31700404051124,-0.4865316661483709
-0.2549510845322859,-0.2989767562010223,-0.4217659629755462
-0.2884466846466927,-0.4098658676358833,-0.1042369393385241
4,4,4,3,3
,,,
,,,
0.2489019010504466,0.2896953561427515,0.4831237470348304,0.1258684279433775
0.3273802540683439,-0.5146281794521416,0.5323615963847379,-0.1034709465282477
-0.1982094317268962,-0.6412801824756089,0.5562612063189325,-0.2281468879394666
-0.3386057149912833,0.008476258110051926,-0.6486771645776724,0.06739278513292246
0.5351253578033534,0.004186367231798314,-0.1014249750000358,0.0994143439708691
,,,
,,,
-0.6578729362762732,-0.6252849365855964,-0.3888010242409538,-0.3345206941540812
0.2365734984027109,0.02473782797820878,-0.2177164771853346,0.0009207510657184281
0.4138300759742719,-0.6616340277684096,0.1798747829996628,-0.03485588534300266
0.4734164756679149,0.1772016849121436,0.4745480685432311,0.0769033784093518
-0.1369292904655713,0.388524154682986,-0.1360802522610711,0.2350072138268225
,,
,,
0.3339336867726237,-0.6340939525499446,-0.1297859911239929
0.4286487628906523,-0.3609328124738542,0.3510345041260936
-0.6368497170375946,0.5369118336381711,-0.01475565174820259
-0.1671436865084586,0.4580266433341533,0.5510174647501389
-0.1946614094596775,0.6715992706872254,0.164462791096815
,,
,,
0.4782686202068951,-0.3779816384465395,0.6982307864237633
0.2629500568915085,0.1057638095303399,-0.4201884391102361
0.2489737518811239,0.3882626493293844,0.1000980104838852
-1.23041180906636,-0.8406390384231427,-0.7737381337598567
4,4,4,3,3
,,,
,,,
-0.2392796745081303,0.4551535427822127,-0.2316281421754935,0.3791786222165134
-0.5346366445307453,-0.1371591975884651,0.0144094746204112,-0.4233703108024387
-0.3975352544683095,-0.3104489136728197,0.3996542710578619,0.3824562662790205
-0.01418137446666989,0.4467861194900962,-0.4834603930257282,-0.4073840202912161
0.1358546169078283,-0.1457657961686174,-0.5800852957792082,0.2631494952948647
,,,
,,,
-0.4930795088223199,-0.3176703973281597,0.0656146702728585,-0.5274266010332043
-0.231077781202187,-0.3872680207555063,0.2973738504399274,-0.3153940734512252
-0.05879787790928559,0.1756769532589495,-0.6811775941586652,-0.2785694744544827
0.2929721794833998,0.5702607755000753,-0.4553327919112746,0.5404142318847593
0.2371098278935608,-0.3756867056445574,-0.2060778229873377,0.4353833562958954
,,
,,
0.3477335611621541,0.4486853778462045,-0.4806415796047539
0.4019452869827924,-0.3916855486634847,0.4471895936115118
-0.5470203432575492,-0.2000776699636557,0.05344027121005412
-0.1321251347132433,-0.6250750726136358,0.5996162934584244
-0.731369661905743,0.2485951709759715,0.3715990650187163
,,
,,
-0.3476431636999903,0.6491676671387427,0.2640512098865878
-0.5458514764800474,0.5733678018734534,0.3393626836099204
0.03862242093680546,-0.07864159478372579,-0.572802618791985
-0.3454686487521317,-1.130728594116181,-0.5585106934296621
4,4,4,3,3
,,,
,,,
-0.5646143596494908,-0.3357984277542473,0.05234039718186212,0.4133963054338541
-0.5135232206111998,0.5106176241373004,-0.4410992053623132,0.5827041318018935
-0.5110083878310014,-0.1282237239483566,0.6580740673376027,-0.3627594958060733
-0.03668357595172655,0.6216831868801529,-0.1714902544809846,-0.3637376061518256
-0.3361892189455223,-0.5837248236198628,-0.2463419448266967,0.2535890232134255
,,,
,,,
-0.6217217802772343,-0.09961346960316231,0.145288635823773,0.6515926160430316
-0.2990169246131545,0.4597504089928042,0.6695520507537547,-0.01794598538283687
0.0704911021289365,-0.01313264629256927,-0.5927367881811327,-0.3059178698387585
-0.1111758152430787,-0.3075448592434975,0.6238639918588782,-0.5313403101895275
0.6870504138913537,0.04934674300590584,-0.2013297516650533,0.04058229147056898
,,
,,
0.3979271983856103,0.0553191552513641,0.3548687136378315
-0.003292773976141028,-0.4740895685721755,0.265938433258836
0.2479302756488582,0.3325090426716566,-0.6847549356879926
0.6933146663922023,0.09051399648463621,-0.1756171483950983
-0.2487342999610268,0.321328545973961,-0.3060042686498981
,,
,,
-0.1753430035393623,0.2137770685787175,0.2871305363901064
0.4059308159757649,-0.6214043768294791,-0.2296213170070373
-0.04487783602481954,-0.1431592575594233,-0.6361448173221231
-0.8078805265140619,-0.3983256086811897,-0.4739113619175768
4,4,4,3,3
,,,
,,,
-0.3750760630091493,0.2224144845418518,-0.3705921344996416,-0.3026386068331727
0.6188396695624583,-0.1314511909978116,0.09173194286365771,0.6758600373170514
0.5261705852631211,0.3660039741581587,0.4116287309183559,-0.26378278057117
-0.1093226594033565,0.2756799379093006,0.4093058293572658,-0.1369643465288701
0.3608335324227778,-0.06487893073953939,0.5667783223075163,0.4761233322752469
,,,
,,,
0.1460301763501963,-0.2956284115446155,-0.5622700484280712,0.02979735252088633
-0.3171073537540866,0.4723779490061533,-0.372823600321226,-0.3250515910495193
0.2454267293656034,-0.6479296661057139,-0.192542923583705,-0.604093089490035
-0.6690706217776717,0.2589803783334315,-0.2358767650927867,0.09189045745445201
-0.3373816276404243,-0.5269401269402259,-0.678080928848712,-0.2381705505357419
,,
,,
0.0438481744168191,-0.5089767900984428,-0.3301240654562878
-0.4679517276515359,-0.6780143575770641,0.6868000656205751
-0.541511513404734,-0.09099100602170218,0.05404597195035632
0.3582761702683006,0.404338579172997,-0.1498551661544375
-0.4441031677199388,-0.2547038270257373,-0.03970341310037243
,,
,,
-0.09117005749758156,-0.2774237776773483,0.3707895042222937
0.4138852628693603,-0.5670682325508095,-0.2993739023948901
0.4393353394234223,0.4782982766544754,-0.6690313672151348
-1.032128448949671,-0.6301335694998418,-0.3745218409709524
